1741547318.7657795,0.0,0.0
1741547318.7918298,0.0,0.0
1741547318.8206096,0.0,0.0
1741547318.9026885,0.025795710252034195,-5.857344417028731e-05
1741547318.9257562,0.041676953536666554,-0.00017737753425974478
1741547318.9534256,0.07263078139090012,-0.0004512916022915183
1741547318.9783247,0.11214270857656937,-0.000860087723815567
1741547318.9997325,0.14322535664287817,-0.0012124266105998085
1741547319.0239165,0.17791217668310016,-0.0015398944279058323
1741547319.0486574,0.23599448870058984,-0.0018475457324620965
1741547319.0679393,0.2783160365504737,-0.0021170846450275734
1741547319.092038,0.3232075309803109,-0.002322770406926318
1741547319.1259046,0.3948464856314474,-0.002731731078008627
1741547319.1510534,0.47102239396370554,-0.00294881591058557
1741547319.172929,0.5240178681741549,-0.003191354475417153
1741547319.193465,0.5785914134840648,-0.00354073452176588
1741547319.2162733,0.6345976239887978,-0.003782543152557989
1741547319.2468634,0.7210052974268131,-0.003920148197876745
1741547319.2724032,0.8099410626597656,-0.0038018165416723584
1741547319.2919745,0.8704638862643774,-0.003559538915478678
1741547319.3139353,0.9318659777904209,-0.003204595756529847
1741547319.344857,1.0254425032661558,-0.002736880027889873
1741547319.3831801,1.1525900272205771,-0.0021580953530802626
1741547319.405239,1.2170446670295734,-0.002044303800621783
1741547319.4265828,1.2820140792149355,-0.001911011104365226
1741547319.458134,1.4133098812378952,-0.001399035161788491
1741547319.4804745,1.4795543684230699,-0.0012984962904892957
1741547319.5016043,1.5461475727688607,-0.001331785894374633
1741547319.5241194,1.6130568439566455,-0.0015035619974173471
1741547319.5449417,1.6802524883897672,-0.0018236692371105454
1741547319.559864,1.7477083717926916,-0.0021543042417841657
1741547319.5825362,1.8154001491260723,-0.0025254852009905047
1741547319.6055229,1.8833059887939352,-0.00292347249354149
1741547319.6309383,1.985524268743841,-0.003343289586108794
1741547319.652919,2.053882718384239,-0.0037218761922280913
1741547319.6737182,2.1223940359164897,-0.003978304544911897
1741547319.9430668,3.0567118538709015,0.0007613052771293002
1741547319.9618268,3.1263311452351723,0.0023601795219854275
1741547319.98551,3.1959790183261196,0.004166201778895871
1741547320.0044215,3.2656516890942293,0.006181058398958351
1741547320.024719,3.3353456618159703,0.008406012328181514
1741547320.0454884,3.4050628702161387,0.010690240954064288
1741547320.0652287,3.474800118853773,0.013056003288472916
1741547320.0864465,3.544550597488635,0.015632229055165
1741547320.1058946,3.6143124563954223,0.01840114258300638
1741547320.1289518,3.7189734025523595,0.022876100212840707
1741547320.150077,3.7887663896400703,0.025852258378353244
1741547320.1732225,3.858565716805186,0.028988377222988863
1741547320.1931682,3.928379627007917,0.03206880500947475
1741547320.20949,3.99819802139882,0.03529313894279117
1741547320.232172,4.068037428541308,0.038265764264002806
1741547320.2502072,4.137894994821586,0.041018622150900054
1741547320.2691946,4.207756051074281,0.04388839808307162
1741547320.2869568,4.277636117088715,0.0464569816669265
1741547320.3047543,4.312583537271916,0.04760497104798326
1741547320.3260016,4.382486488965422,0.049795026818716726
1741547320.3440597,4.452396345948159,0.05195087260298508
1741547320.3596368,4.522314410698786,0.054007100354029926
1741547320.3746872,4.5922497000029345,0.055583723240301364
1741547320.4000082,4.662198078572842,0.05671075533092901
1741547320.4171062,4.732153583147257,0.05762091013382472
1741547320.435437,4.8021154845123775,0.058273453600363574
1741547320.4526625,4.8370990417789885,0.058375407710103154
1741547320.4720533,4.907067219069541,0.057954158281858036
1741547320.4902208,4.9770291681775225,0.056748675655974266
1741547320.510111,5.046985441546742,0.05512528905181546
1741547320.5320988,5.116935855856158,0.05318222705202938
1741547320.5474207,5.186877874058319,0.05089251897355205
1741547320.5664077,5.22184494342771,0.04961258832745225
1741547320.5891628,5.2917784374180865,0.046999084639113405
1741547320.6061876,5.361721347529074,0.04460254626728361
1741547320.6285927,5.466638238367446,0.041001090264305214
1741547320.6417596,5.501608382575522,0.03972116406894626
1741547320.660866,5.571550833309216,0.03719623837889319
1741547320.674602,5.606523068871864,0.03594993199766369
1741547320.6911705,5.67646455139532,0.033353690607811
1741547320.7110882,5.746411779124395,0.030889809189961568
1741547320.7285635,5.816363913211952,0.028543159040240743
1741547320.744579,5.851337563660566,0.027291788186279094
1741547320.7608478,5.921274093989149,0.02449064051962475
1741547320.7777076,5.99121210621918,0.02170914735057583
1741547320.7944329,6.026183217573724,0.020365915215666743
1741547320.812673,6.096129705366353,0.01778112676786145
1741547320.8316004,6.166080910029897,0.015312100199695844
1741547320.8499415,6.236036958261052,0.012969841176052722
1741547320.8685827,6.306002569484863,0.010922677384881415
1741547320.8855548,6.340989861573877,0.010057599762722207
1741547320.9000401,6.410972429020229,0.008677406035424244
1741547320.9195704,6.480962756138653,0.007743582860911493
1741547320.9342804,6.515959058349181,0.007357874633120734
1741547320.9492211,6.585953778110147,0.0067861399916089495
1741547320.9616838,6.620951956835263,0.006606582824472025
1741547320.9773042,6.690948697329463,0.006285433914267808
1741547320.9927137,6.725947266282873,0.006152132049454407
1741547321.011785,6.795945042584137,0.006102784911557032
1741547321.0287457,6.8659428614682145,0.006269383247627801
1741547321.0426157,6.9009419157375556,0.0063045330279150975
1741547321.0577307,6.970939949803369,0.006123682590482309
1741547321.074167,7.005938968472781,0.006009219506709659
1741547321.0879319,7.075936791582343,0.0056966363884719045
1741547321.1038852,7.1109354821569974,0.005487925076478272
1741547321.1161845,7.1809322897830645,0.004973072722316898
1741547321.131561,7.215930305046893,0.004661172458433187
1741547321.1442018,7.250927491833734,0.00426596136480215
1741547321.160285,7.320913789393941,0.0029554464287298663
1741547321.172507,7.355901577318137,0.002050183676239731
1741547321.1864953,7.390887326313782,0.0010679945730134748
1741547321.2013202,7.4608589764209725,-0.0008932262533587763
1741547321.217474,7.530826831994241,-0.0029860964379806055
1741547321.231467,7.565808555941555,-0.0041056809191404855
1741547321.2436962,7.6007909266447875,-0.005205414748155022
1741547321.2604687,7.670755847763866,-0.0074006175566094555
1741547321.2782397,7.740722834623204,-0.00953003778753375
1741547321.2910628,7.775710742666302,-0.010438280435349737
1741547321.3038096,7.810702831613107,-0.011168526925729075
1741547321.3144155,7.845697346084369,-0.011773486707030947
1741547321.3267379,7.880693200928658,-0.012295761291477953
1741547321.339089,7.950689124552035,-0.012999016013751561
1741547321.350156,7.985688513304059,-0.013163957579568009
1741547321.3624015,8.020688263143494,-0.013213738591073363
1741547321.373774,8.055687919926932,-0.013116145521559538
1741547321.3891492,8.125686108059073,-0.012667964109962192
1741547321.400725,8.160684285156705,-0.012327517060374287
1741547321.4129734,8.195681779733853,-0.011922319933525974
1741547321.4259527,8.230678087031654,-0.011424549198378518
1741547321.442522,8.299263618383115,-0.010240440034991402
1741547321.4546127,8.3333725608363,-0.009565316653308622
1741547321.4660935,8.367523717223273,-0.008898024101549603
1741547321.4767048,8.4354498889141,-0.007552898779804201
1741547321.488152,8.468750797756789,-0.0068910404486996245
1741547321.49949,8.502132488580251,-0.00624381180167759
1741547321.5126534,8.535590722937465,-0.005590273511624372
1741547321.5253346,8.569122451622096,-0.004961466238616911
1741547321.5414197,8.636391980038981,-0.0037442856817975776
1741547321.5708373,8.737765476791939,-0.0021042317822143014
1741547321.5974376,8.839634922456733,-0.0007802840946246495
1741547321.6222262,8.907789703802429,-9.033555212720825e-05
1741547321.6503298,9.010335248558201,0.0011183415692460627
1741547321.6708255,9.078869706034084,0.002826363964190089
1741547321.693328,9.14748916665036,0.0059115689398362824
1741547321.7182403,9.25038251233458,0.014457864340633814
1741547321.7629573,9.386568033081584,0.036624341910467824
1741547321.7902591,9.486789823696803,0.0633645398134507
1741547321.8120077,9.552124553203438,0.08634538480133551
1741547321.831541,9.61587747050316,0.11357692308551966
1741547321.8549807,9.70774685304141,0.16247722179491914
1741547321.880133,9.765959260666474,0.20038292363053067
1741547321.9035375,9.821326580348307,0.24241401420944736
1741547321.9269898,9.898304415985816,0.3128224666864478
1741547321.9614305,9.967030953020068,0.3914168741698911
1741547321.9917064,10.026564533454348,0.47727337630468264
1741547322.0118861,10.060719725909987,0.5380406341410535
1741547322.0341022,10.090198155665641,0.601237248996996
1741547322.0563807,10.12467548431121,0.697977598676766
1741547322.0726898,10.133305476081176,0.7298605781629157
1741547322.098866,10.151679114047583,0.8277360985266581
1741547322.1152081,10.157206508591319,0.8922622685078446
1741547322.1343746,10.157988086785709,0.923214574413396
1741547322.1598349,10.15315738968343,1.0126250881288197
1741547322.1828196,10.143991382156202,1.072470859051341
1741547322.201368,10.131180306018832,1.132545600320729
1741547322.2172196,10.115668169558814,1.1928052788185894
1741547322.2340825,10.107166021035052,1.223020268949821
1741547322.2560186,10.079837772497207,1.3141744149514694
1741547322.2754488,10.060846960563328,1.3754985102065156
1741547322.294092,10.051220911963863,1.4063349181582323
1741547322.3205292,10.022413681172443,1.497406855992589
1741547322.3412435,10.004079323645392,1.556214360792126
1741547322.3646111,9.98618618909898,1.6159721479567246
1741547322.383197,9.968467577545422,1.6765196897661372
1741547322.4078963,9.941501412682658,1.7684615937933534
1741547322.4264927,9.923615875303708,1.8305167860213742
1741547322.4511607,9.906649892900418,1.8911269512818834
1741547322.4705563,9.890573014259218,1.9504458853152389
1741547322.4914145,9.874984904062536,2.010714520366334
1741547322.5103076,9.859565106588958,2.0717688377065575
1741547322.5255044,9.851883913779085,2.1025595413373623
1741547322.541521,9.83657695342194,2.1646270065588555
1741547322.557045,9.821395050831798,2.2273053831004894
1741547322.5754974,9.806544096950848,2.290588482241495
1741547322.5912735,9.799132977721065,2.322414974752506
1741547322.6085088,9.784203473691186,2.3863776706328146
1741547322.6240222,9.776810116854115,2.418532329915766
1741547322.640827,9.762308549824759,2.4831952049186135
1741547322.6620905,9.748079410898312,2.5477451534428086
1741547322.680393,9.734927516300532,2.609739709886179
1741547322.6950445,9.722375784487236,2.671962719374948
1741547322.7142622,9.716305268720713,2.7033501957663035
1741547322.732898,9.704721318492725,2.7650238622191243
1741547322.758719,9.688213501318737,2.8581809765702184
1741547322.7781873,9.677503579665716,2.9211465516600055
1741547322.7993407,9.667217279175162,2.9847592338433384
1741547322.8163273,9.657342591720834,3.0489595639835336
1741547322.8329506,9.652469068126699,3.081249996154169
1741547322.8499835,9.64303890366163,3.146210120632583
1741547322.8661213,9.63859728159835,3.178884409869018
1741547322.8819935,9.630269391538345,3.244592224343919
1741547322.898722,9.622911926758714,3.3107675806705426
1741547322.9122667,9.619517543733846,3.3440073283540124
1741547322.9282975,9.613513369786853,3.410785087418283
1741547322.9467285,9.608862598530548,3.4779454516847044
1741547322.963802,9.606966745595528,3.5116478920623333
1741547322.9799018,9.60408400697173,3.5792719322801423
1741547322.9952722,9.602420340356131,3.6471518971251875
1741547323.0103128,9.601940107185035,3.681173273977209
1741547323.0267117,9.6016075903316,3.715242811425853
1741547323.046936,9.600865756203717,3.817710338849733
1741547323.0634427,9.600631754894595,3.8519451676955643
1741547323.0793588,9.600322809351395,3.920523035689129
1741547323.0942411,9.600223389344926,3.9548624574228484
1741547323.111381,9.600079878620166,4.023634135616134
1741547323.1258621,9.60011654235567,4.058063478916721
1741547323.1442454,9.600352826285159,4.127001881374585
1741547323.1640809,9.600789726731307,4.196037830762483
1741547323.1831994,9.601259239630396,4.265162955711603
1741547323.1997914,9.601779550267812,4.334368772552176
1741547323.222608,9.602330486843632,4.403647918844917
1741547323.2415347,9.602920394876664,4.472993450760192
1741547323.2579808,9.603526889712938,4.542399377473628
1741547323.277281,9.60415945221704,4.611859970665429
1741547323.2905347,9.604529137878277,4.64660873024968
1741547323.3039804,9.604975255567009,4.681368433135201
1741547323.3214254,9.606181116559435,4.750916424031976
1741547323.3372524,9.607398921322368,4.8205052317652335
1741547323.3507743,9.607998717019878,4.855313969301089
1741547323.3679156,9.609361886446779,4.924954555388094
1741547323.38114,9.610121575474139,4.959785480431865
1741547323.3962598,9.611793289363206,5.029466352946261
1741547323.4102545,9.612805359278726,5.064312716329442
1741547323.424183,9.61389510962124,5.099163361210619
1741547323.4375947,9.616198831721706,5.168879211751957
1741547323.4544902,9.618737606587048,5.238609704319157
1741547323.4720461,9.620196403190814,5.273475465829926
1741547323.4858587,9.621742229960697,5.308342430447633
1741547323.4997778,9.624984903586755,5.378083344388404
1741547323.5110462,9.626662958589622,5.412957645454799
1741547323.5236971,9.628316401915818,5.4478371846585985
1741547323.5378752,9.631588576829023,5.517609301386558
1741547323.5511568,9.63310600037857,5.552506078816261
1741547323.5651479,9.634581125433593,5.587408021043868
1741547323.5762646,9.637500853860395,5.657222578873862
1741547323.5888615,9.638956488306155,5.692134441275805
1741547323.6018548,9.6404665672711,5.727046742297314
1741547323.6171112,9.643418565205488,5.796881971289323
1741547323.629363,9.644838440201905,5.831805549224115
1741547323.645047,9.64620421503872,5.866733548145662
1741547323.6611962,9.648800218247636,5.9366010180115
1741547323.6740024,9.649902889049784,5.971544435379515
1741547323.6880717,9.651564019839968,6.041451701028284
1741547323.7005756,9.652249044297166,6.076411165197031
1741547323.713386,9.652899981571542,6.111372887066231
1741547323.731852,9.6538582492957,6.1813062086134725
1741547323.7436726,9.654165337842189,6.2162770211765945
1741547323.755597,9.654596393424747,6.2857477515821705
1741547323.7676973,9.65476088964619,6.319294980307541
1741547323.780453,9.654974415516488,6.352412256988886
1741547323.7953584,9.655754388960093,6.4183904425432985
1741547323.8061833,9.655754388960093,6.4183904425432985
1741547323.8190372,9.65689567777727,6.48164066879165
1741547323.83867,9.657936681224482,6.545004268839192
1741547323.8502755,9.6584287782288,6.5769210131257285
1741547323.862696,9.65899791968842,6.608982914406185
1741547323.8737197,9.659689675446243,6.641181903075637
1741547323.886812,9.66138466868813,6.705964650091869
1741547323.9019003,9.662364889558278,6.738536189608022
1741547323.9134665,9.663349615889903,6.771222417920018
1741547323.926005,9.664298957529274,6.804019053473519
1741547323.939529,9.66629831598767,6.8693927092112546
1741547323.9509664,9.667350512139544,6.901460714795163
1741547323.9615984,9.668494879493323,6.93366423132552
1741547323.971862,9.669799795094537,6.965993728628281
1741547323.9831672,9.671306688787285,6.9984403084217774
1741547323.99443,9.674718383515609,7.063667791242384
1741547324.0049984,9.674718383515609,7.063667791242384
1741547324.0165768,9.678540165822499,7.128781238718344
1741547324.0290117,9.680472930885536,7.160721921475107
1741547324.0528429,9.684714303183622,7.225001441573314
1741547324.0738118,9.689350201511923,7.289773344100192
1741547324.0966167,9.6963413767878,7.3877981810255795
1741547324.1181972,9.700989518849275,7.45366639464527
1741547324.1474724,9.706925562513973,7.5532157423463815
1741547324.1788082,9.709867230554213,7.6536107297584755
1741547324.210539,9.707731267894859,7.754636645027676
1741547324.2392359,9.698285975797395,7.855767130668372
1741547324.262139,9.687191142351594,7.92283967590788
1741547324.2879865,9.66292983030987,8.022218583474814
1741547324.3159716,9.629105650066698,8.11914116954229
1741547324.3461225,9.60114360188641,8.181814081140738
1741547324.3736987,9.551114272387327,8.272016081132643
1741547324.404417,9.491622226473073,8.35657528486501
1741547324.4266806,9.446953348922396,8.40924963970776
1741547324.453294,9.372931690391031,8.481911087212943
1741547324.4813895,9.291203470215331,8.546049194408353
1741547324.505225,9.232908748140607,8.583634028784346
1741547324.5294766,9.142273949425794,8.630838545927823
1741547324.5553381,9.049795307560949,8.665725249133256
1741547324.5785468,8.985622607681917,8.682714595756755
1741547324.599479,8.919961263601374,8.694546666278448
1741547324.6211493,8.853800051343189,8.701395979501772
1741547324.6426091,8.790608713214473,8.7034538463249
1741547324.6627195,8.730626013886312,8.701316943109985
1741547324.894645,7.988751400383534,8.505197985285808
1741547324.9156961,7.92511371650499,8.484173512860961
1741547324.9363651,7.861284995689759,8.46284680196175
1741547324.954769,7.799204024192277,8.441881851603743
1741547324.975038,7.738655125169515,8.421388399455967
1741547324.9958363,7.677483090595432,8.400978101750853
1741547325.0169787,7.617917715958239,8.38092507912282
1741547325.0386312,7.559909064762366,8.360881952117698
1741547325.0626936,7.503275678550929,8.341412225981877
1741547325.0866182,7.42461329780571,8.31590474669137
1741547325.108194,7.373626117290912,8.301040034033393
1741547325.1325579,7.320730989506815,8.287191683269423
1741547325.159071,7.238272247273289,8.26809861736457
1741547325.1772993,7.181473293689603,8.25640301332803
1741547325.1953087,7.1233924967688145,8.245442353793813
1741547325.2294662,7.034861936331057,8.229589430480143
1741547325.250012,6.978895128399037,8.219962141430617
1741547325.2730172,6.925846447875619,8.211874387083379
1741547325.3018572,6.844047263235671,8.20215488839923
1741547325.3221414,6.787637487084307,8.19688634703946
1741547325.3432431,6.7305494667204595,8.192265292538856
1741547325.364681,6.675897787299851,8.188797251243674
1741547325.383279,6.62038393785586,8.18642975438663
1741547325.40259,6.563494644606001,8.185086655740252
1741547325.4273424,6.475898693587052,8.184099695496135
1741547325.4468224,6.416162745191492,8.184260675613654
1741547325.4644206,6.3859336405779885,8.184621198313499
1741547325.4871018,6.293937869806177,8.186332732690323
1741547325.504767,6.262867859961371,8.18692424867782
1741547325.529226,6.168579028852923,8.188986246417535
1741547325.5546045,6.072840893757681,8.19124417471115
1741547325.5732849,6.040641873432466,8.192070210622276
1741547325.6015573,5.9432735488195805,8.19455205440682
1741547325.62707,5.844881182532427,8.197393112511563
1741547325.645562,5.811878266752556,8.198319569841747
1741547325.6626287,5.745592011265456,8.200107547250148
1741547325.6861694,5.678964273700714,8.201938601636309
1741547325.7056997,5.612030235167117,8.203929443478671
1741547325.7262602,5.544818668203137,8.206066406265155
1741547325.7477605,5.443528696103336,8.209258786660252
1741547325.7643027,5.409652725508807,8.210371028682477
1741547325.7843907,5.341744190022947,8.212555871502909
1741547325.8032856,5.273645653036704,8.214771489270953
1741547325.8196332,5.2053792850655825,8.21714903488261
1741547326.065378,4.3778981940552715,8.259494465209803
1741547326.082702,4.308543223039808,8.264327187193734
1741547326.101457,4.2391588838858505,8.26937077934606
1741547326.1216335,4.1697499704937355,8.274625871138634
1741547326.139084,4.100320890813834,8.280092951978263
1741547326.1543286,4.06559743825828,8.282873551929168
1741547326.1732616,3.996123806291173,8.288391599864255
1741547326.190138,3.92663575017342,8.294085947283344
1741547326.2071,3.8571161561514864,8.29971219890324
1741547326.2229037,3.8223421756657645,8.302460150738467
1741547326.240219,3.7527564817218404,8.307681004358564
1741547326.2558956,3.6831394300399403,8.312752853033627
1741547326.2717526,3.6483126578922223,8.315130037210002
1741547326.2902744,3.5786364539654314,8.319740652028285
1741547326.310664,3.5089480429833686,8.324407381015119
1741547326.3333626,3.439222307488754,8.328716318287876
1741547326.3516088,3.369454522220689,8.332528615382442
1741547326.367129,3.29964974120975,8.335849671264466
1741547326.3825006,3.2647360471561835,8.337353344178473
1741547326.40325,3.194894211044318,8.340195559596296
1741547326.419773,3.1250384003349767,8.342922260685393
1741547326.434796,3.0551686461331222,8.345502745091556
1741547326.4519975,3.020227385726052,8.346696391505988
1741547326.4679694,2.9503329484677576,8.348883723743448
1741547326.4843807,2.9153803524719692,8.349882331250164
1741547326.5016499,2.845466266910573,8.351723898106394
1741547326.5176291,2.775544670764977,8.353497605701852
1741547326.534652,2.7405823652581924,8.354402967924285
1741547326.553697,2.670655057456836,8.356249777192065
1741547326.5710936,2.6007191235123646,8.35793261970675
1741547326.5866709,2.530785547633985,8.359860045268995
1741547326.6067064,2.495821508178739,8.360965786564302
1741547326.6262553,2.4259005366200213,8.363464767317453
1741547326.642395,2.3559765465297935,8.36596921301515
1741547326.6573687,2.286051742657721,8.368530448458856
1741547326.6730182,2.2510900807462244,8.36985825019529
1741547326.6886358,2.181162059056204,8.372437624908033
1741547326.7038395,2.146195893011514,8.373691832146815
1741547326.7188714,2.0762601902731888,8.376149932868234
1741547326.7363887,2.0063190183391337,8.378505959382638
1741547326.751653,1.9713464682611908,8.37964531555202
1741547326.7685843,1.9013963836808743,8.381806188061349
1741547326.7853868,1.8664188430711204,8.382822863680053
1741547326.8002245,1.7964595700570465,8.384745302603807
1741547326.8146715,1.761477848194459,8.385647630188013
1741547326.8277085,1.726494334776479,8.38649079661701
1741547326.8417954,1.656524879864848,8.388111932887169
1741547326.8552644,1.6215380562165087,8.38884640672657
1741547326.8680918,1.5515639940847445,8.390331809984334
1741547326.8805163,1.5165765885792557,8.39107390216769
1741547326.8967943,1.4465982170299072,8.392414639500863
1741547326.91056,1.4116094092355196,8.39312010631379
1741547326.9249225,1.376620631158583,8.393836592457182
1741547326.9405806,1.3066443932632525,8.395357795156752
1741547326.9566326,1.2366699901980718,8.396990134273771
1741547326.9708068,1.2016838620544568,8.397860489651192
1741547326.9857106,1.1666981279579298,8.398752233193525
1741547326.998949,1.0967289014922277,8.400636791996178
1741547327.0100644,1.0617422552336966,8.401507536440135
1741547327.0226748,1.0267528447063938,8.4022646258718
1741547327.0342648,0.9917621514380529,8.402966169720232
1741547327.0462167,0.9567717189696126,8.403685753604925
1741547327.058691,0.8867936508087076,8.405268416830685
1741547327.0707705,0.8518058705489683,8.406119356193413
1741547327.086631,0.8168184569602723,8.406988838523274
1741547327.1007924,0.7468461941620251,8.408837483467751
1741547327.1136603,0.7118622498391697,8.409844844571428
1741547327.1273422,0.6419038630289999,8.412172124509587
1741547327.1411853,0.6069264613311032,8.413391973192358
1741547327.1549668,0.5369766428601248,8.415975468295503
1741547327.1693304,0.5020046635918979,8.417346567438189
1741547327.1833827,0.4670331005571008,8.418729693537486
1741547327.1944108,0.39708810011545564,8.421451890710864
1741547327.208703,0.36211886074198313,8.422896094538467
1741547327.2213583,0.3271512624447178,8.424380581837045
1741547327.2350059,0.2921864232247938,8.42592966127144
1741547327.2468247,0.22225585562920547,8.429010302537298
1741547327.2593226,0.18729047815725813,8.430549834256396
1741547327.2742395,0.15232801781251207,8.432155021068517
1741547327.2855482,0.11736712106292148,8.433794642975322
1741547327.2972708,0.04745109474114605,8.437196598422835
1741547327.3121603,0.012491104932128176,8.438857402793474
1741547327.3231134,-0.022469493723582694,8.440505935815665
1741547327.3351278,-0.05695719553708203,8.442087683111868
1741547327.3480637,-0.1236070131785322,8.445049568663592
1741547327.3588865,-0.1568124526682818,8.44635192346748
1741547327.37228,-0.19010860788737222,8.44747487331128
1741547327.3833685,-0.2229756698728136,8.448418591025106
1741547327.3942351,-0.2548972727316477,8.449133605138664
1741547327.4083333,-0.3164797239548818,8.449971289274469
1741547327.4193583,-0.3467209970715135,8.449947264537604
1741547327.433801,-0.37660862890823477,8.449551188215523
1741547327.4468186,-0.43707818976732704,8.447734947088671
1741547327.4575067,-0.4676312830762785,8.446336226679321
1741547327.4694302,-0.49838238835807824,8.44469146539586
1741547327.4797256,-0.5293234707692406,8.442863511822125
1741547327.4910636,-0.5604479894983381,8.440914454840149
1741547327.503408,-0.5917505539889651,8.438906926210459
1741547327.5147076,-0.6548719038343288,8.43497452901904
1741547327.5249012,-0.6548719038343288,8.43497452901904
1741547327.5377877,-0.7170226946056298,8.431620039996417
1741547327.5484588,-0.7481139261198727,8.430152269400955
1741547327.5589266,-0.779398078156406,8.42887860921377
1741547327.5707333,-0.8108645231815459,8.427782846598832
1741547327.581222,-0.8425054623973744,8.426924548136922
1741547327.5923057,-0.8737594907436951,8.426392450353454
1741547327.6037424,-0.9046419404688568,8.426158560618907
1741547327.6153202,-0.9669839832788303,8.426631032655262
1741547327.6262803,-0.9669839832788303,8.426631032655262
1741547327.6373153,-1.0300075992178637,8.428572980331532
1741547327.64806,-1.0617348188837281,8.43027845817034
1741547327.6594157,-1.0935787066645746,8.4325715289877
1741547327.670243,-1.1255171064428298,8.435501041583862
1741547327.7146292,-1.282723569161042,8.457479981674158
1741547327.7408044,-1.3456404664764734,8.46894858944128
1741547327.7882478,-1.5042608148666172,8.502925242323315
1741547327.8675985,-1.7631666785626545,8.559568545377347
1741547327.8978565,-1.8619748990653329,8.576349105963763
1741547327.940309,-1.9846847324721777,8.591338146760638
1741547327.986497,-2.1065412991731662,8.59751034866997
1741547328.0232291,-2.2317450763910274,8.597915794131975
1741547328.0566375,-2.3594611559406538,8.592643930703119
1741547328.0993114,-2.489207455085917,8.58475336494558
1741547328.1283417,-2.5876684287657397,8.578312560253995
1741547328.154155,-2.653785887096036,8.57386905710639
1741547328.1865542,-2.7869868658965804,8.564351966086079
1741547328.2314353,-2.921312206757838,8.55452342747261
1741547328.2585733,-3.0226780438539,8.547054819293065
1741547328.2920702,-3.124472889761829,8.539200523649415
1741547328.3169644,-3.2266725249655437,8.531466866318013
1741547328.3498268,-3.329252462516229,8.524255527743428
1741547328.373976,-3.397805537310441,8.519444563501093
1741547328.3998652,-3.5008610125776443,8.512319087171123
1741547328.4315171,-3.6041919534679927,8.505866790643553
1741547328.4551163,-3.707723848749332,8.499429728353299
1741547328.4779978,-3.7768255028888533,8.494868930711647
1741547328.5101116,-3.8806457082714347,8.488657558883276
1741547328.5327082,-3.949951108105401,8.484781682622206
1741547328.5566618,-4.054034522333975,8.479437035051628
1741547328.5896282,-4.158285033414431,8.475455258985367
1741547328.6215546,-4.262638768556406,8.471779539795465
1741547328.6558242,-4.401943947593918,8.4685468139432
1741547328.6775908,-4.471660053536087,8.468119418409644
1741547328.7046795,-4.541403919492547,8.468077447897457
1741547328.7243946,-4.611171550253661,8.468103613417911
1741547328.7569938,-4.750758517244708,8.46971366122255
1741547328.777964,-4.785661931503845,8.470448988798758
1741547328.821598,-4.960212545516433,8.475171491981945
1741547328.8529682,-5.064962290516486,8.478734895018524
1741547328.907012,-5.23959124706826,8.484941571480132
1741547328.929157,-5.344374155911051,8.489251016813094
1741547328.9506772,-5.414229647969526,8.492350060064348
1741547328.9755642,-5.519025070826,8.497017372814492
1741547329.0073102,-5.588901604542657,8.500010495828388
1741547329.040009,-5.728682573877627,8.505712345326648
1741547329.0635178,-5.798577600227708,8.508624294112105
1741547329.0968444,-5.93839741166522,8.514001858157448
1741547329.1255074,-6.00832134141297,8.516453351734917
1741547329.1544774,-6.148194614070484,8.520858473712288
1741547329.1747756,-6.2181389024176115,8.522941174362563
1741547329.1944818,-6.2531108038028504,8.524019358847537
1741547329.214946,-6.358027245730011,8.527331659745602
1741547329.2388647,-6.427977719657847,8.529416882006062
1741547329.26477,-6.497926470985467,8.531614306634902
1741547329.29674,-6.6378163117313065,8.536379898685219
1741547329.3158019,-6.707765350615401,8.538699854968796
1741547329.3433063,-6.777719281529493,8.540904456383853
1741547329.3625095,-6.847677849017726,8.542992206253436
1741547329.4189224,-7.057557331446403,8.549302212075656
1741547329.4544766,-7.162486583434544,8.552866301830536
1741547329.4812248,-7.267407574915224,8.556704089293232
1741547329.5066686,-7.372335331994213,8.560386651507512
1741547329.5315397,-7.4422867967469095,8.562868419714395
1741547329.552269,-7.512232517381449,8.56551836667208
1741547329.5695965,-7.582172685214529,8.568320517785006
1741547329.591581,-7.652106835533136,8.571277128622441
1741547329.6145978,-7.722034191852292,8.574397222567047
1741547329.6354752,-7.826910838002762,8.579399767455511
1741547329.658257,-7.896817222290979,8.582972074205275
1741547329.6855807,-7.9667150115095335,8.586713110694369
1741547329.7148175,-8.106522400741188,8.593982115043906
1741547329.7331297,-8.141477260740793,8.595742725437054
1741547329.7522318,-8.211390151865032,8.599202513519048
1741547329.7747827,-8.316270562853903,8.604168538152578
1741547329.7939024,-8.35123452159125,8.605742755663732
1741547329.8142774,-8.421167292327459,8.608782959550675
1741547329.8356144,-8.491107517378095,8.611649079552345
1741547329.8552048,-8.596031511792209,8.615604848859517
1741547329.8739028,-8.631010090968282,8.616817050461062
1741547329.9012504,-8.735955045208978,8.620178423172602
1741547329.9330742,-8.840910118774788,8.623215257861396
1741547329.9464896,-8.910877998676957,8.625316005030037
1741547329.9675944,-8.980843689817874,8.62749010223263
1741547329.981932,-9.015825724182795,8.628603654494158
1741547330.0074618,-9.12076545044023,8.632140080064758
1741547330.0256016,-9.155743421896576,8.633375885623327
1741547330.0418499,-9.225694756700397,8.635975263811583
1741547330.056153,-9.29564078459253,8.638714756105566
1741547330.081993,-9.365589312809849,8.641390397875515
1741547330.0986867,-9.435530805574848,8.644244546245073
1741547330.1197934,-9.505464624092241,8.647281570127689
1741547330.1384358,-9.575390501495168,8.650496759498317
1741547330.1542172,-9.610349952478872,8.652178733223458
1741547330.1684878,-9.680262703951884,8.65566794767763
1741547330.1811461,-9.715215838184816,8.657476720973388
1741547330.1965306,-9.785115115496499,8.661227193641713
1741547330.214647,-9.820066475814539,8.663070202543645
1741547330.23219,-9.889971553876455,8.666711322276822
1741547330.2491162,-9.95988076885241,8.670272367395814
1741547330.2662854,-9.99483682331681,8.672024430504191
1741547330.2791002,-10.06475377537918,8.675430686318489
1741547330.2959614,-10.134677008011174,8.678705665259862
1741547330.3119142,-10.169642643001987,8.680254779034769
1741547330.3369539,-10.27456800578398,8.684198526589268
1741547330.3525286,-10.309550014838203,8.685319242704859
1741547330.3675532,-10.379518151844643,8.687427186895075
1741547330.3837817,-10.414504514266545,8.68840269296966
1741547330.3974085,-10.484482455646669,8.690156149054555
1741547330.4182224,-10.554465681279241,8.69168530682217
1741547330.4364522,-10.62444846609594,8.693235118561594
1741547330.4522974,-10.659439420383128,8.69402965254829
1741547330.464723,-10.694430436694654,8.694821493700656
1741547330.4771404,-10.764411117643263,8.696463946088917
1741547330.4920049,-10.79940057702936,8.697321950370096
1741547330.5163534,-10.904365484522156,8.70003289771176
1741547330.536337,-10.974337430402278,8.702012995617801
1741547330.5501356,-11.009320692914752,8.703094225991753
1741547330.5629876,-11.04429881579106,8.704329870157196
1741547330.5801563,-11.114233553137739,8.707346413513386
1741547330.5915215,-11.14919438786996,8.709001391703012
1741547330.6047235,-11.18415354130202,8.710691480016193
1741547330.6153743,-11.25406214476233,8.714266354579353
1741547330.6259713,-11.25406214476233,8.714266354579353
1741547330.6406155,-11.323957934930458,8.718083904318396
1741547330.6553655,-11.393851883053527,8.721934967677731
1741547330.6694024,-11.428792969062687,8.723964599813476
1741547330.6817775,-11.463732524428439,8.726020519853096
1741547330.7030063,-11.533622993850106,8.729933041821898
1741547330.719494,-11.603523511673625,8.733663360049825
1741547330.7346084,-11.638475478226274,8.735496244340448
1741547330.7476568,-11.708384306153398,8.73906648699085
1741547330.7591166,-11.743346398264139,8.740694567683772
1741547330.7747703,-11.813277971707654,8.74378846333568
1741547330.7869294,-11.847771621207276,8.745247435734274
1741547330.8015525,-11.881814022281791,8.74665771277937
1741547330.812494,-11.915903296809345,8.748001378599186
1741547330.8244004,-11.950036274722759,8.749303116648257
1741547330.8361955,-12.018426308397427,8.751750762708733
1741547330.846869,-12.052676021941192,8.752995175554307
1741547330.8600302,-12.086961275613872,8.754213974616606
1741547330.870485,-12.121281995437347,8.755360549594792
1741547330.8818073,-12.155634630400868,8.756491902398258
1741547330.8964245,-12.22442567937737,8.758830447598264
1741547330.9073017,-12.258861293732156,8.760037186803258
1741547330.9268258,-12.327806813299263,8.762507449087442
1741547330.9373553,-12.362314121338544,8.763776048760782
1741547330.9507735,-12.396842128944359,8.765088378806166
1741547330.9620097,-12.431390655052867,8.766420417070853
1741547330.9724195,-12.465957524184631,8.767801351801635
1741547330.987484,-12.53514406656114,8.77066544633479
1741547331.0645545,-12.777745910085498,8.782069003339325
1741547331.077779,-12.847161288993872,8.785761458837758
1741547331.0988934,-12.916610856494952,8.789655998259471
1741547331.1173322,-12.986091185917612,8.793729889042892
1741547331.1374855,-13.055622112700172,8.797565982791081
1741547331.157393,-13.12522563780261,8.800605206993026
1741547331.1831307,-13.194905162775132,8.802271796002248
1741547331.1994789,-13.264630063410324,8.801945686011276
1741547331.2167265,-13.334314740624556,8.798959410215181
1741547331.2362235,-13.403793513820775,8.792607517921182
1741547331.2516825,-13.438378905820791,8.78796843684527
1741547331.2666652,-13.507083586028903,8.775670506746337
1741547331.357247,-13.800597567988014,8.666650239699589
1741547331.5349486,-14.208580058825063,8.203449342252243
1741547331.5806177,-14.250404647624528,8.070079303319588
1741547331.5956204,-14.263544375633437,8.001380089218364
1741547331.610209,-14.268124052369496,7.966701267868035
1741547331.623723,-14.27138468536722,7.931872798951937
1741547331.6388378,-14.27387687228898,7.861965888143993
1741547331.6513913,-14.27311972649153,7.827466937168742
1741547331.6650624,-14.271161555071675,7.793967503684078
1741547331.681383,-14.264153643485407,7.730099089274103
1741547331.6947699,-14.259282920267482,7.699783903162293
1741547331.7130988,-14.245883519238495,7.640389392676517
1741547331.7303367,-14.227447868304479,7.581467249650673
1741547331.7429633,-14.216700749135551,7.552212101962079
1741547331.7585406,-14.192802969259688,7.494063026234097
1741547331.773793,-14.17988689371285,7.465126267471632
1741547331.7868893,-14.166469449494562,7.43624469700122
1741547331.7996805,-14.138502179729077,7.378529364951295
1741547331.8139505,-14.124031341007512,7.349680213605507
1741547331.8319416,-14.094409191112973,7.291898109432508
1741547331.8464906,-14.079303008721464,7.26295784739768
1741547331.8621066,-14.048492159168255,7.205019120140955
1741547331.874898,-14.017212833561343,7.146869930984333
1741547331.888735,-14.001358277550315,7.117751859352224
1741547331.9002013,-13.985389249400777,7.088596317766522
1741547331.9142501,-13.969272797183567,7.059426512042927
1741547331.9301443,-13.936560568479033,7.001084774807431
1741547331.94279,-13.920066234653103,6.971865265096279
1741547331.9557946,-13.8868303563663,6.91333285912944
1741547331.9690092,-13.870177785968966,6.883976906010432
1741547331.9823275,-13.853470972354751,6.854583421931675
1741547331.995971,-13.819830229865392,6.795733560918977
1741547332.0081804,-13.80324850578902,6.766658599083904
1741547332.021668,-13.786863227280804,6.737964139070547
1741547332.0345654,-13.75383358335295,6.680406980853654
1741547332.0485256,-13.737580295482838,6.651925749990008
1741547332.0609233,-13.721952751971958,6.624182994211522
1741547332.0729089,-13.706709300662991,6.596671367933026
1741547332.086846,-13.67673203316321,6.540804113854134
1741547332.0992744,-13.662113435010724,6.512411886156735
1741547332.1114745,-13.647722015896925,6.483740594149236
1741547332.1239717,-13.633507647503906,6.454826300736304
1741547332.1394942,-13.605836986055051,6.396794425132811
1741547332.1520312,-13.592729996369505,6.368096944761043
1741547332.1651208,-13.579870005902212,6.339108335604688
1741547332.17978,-13.554957845714824,6.280278894802193
1741547332.1953993,-13.530829598265655,6.2205105940744305
1741547332.2175786,-13.507553961134333,6.159854045104303
1741547332.2377121,-13.485158876655706,6.098369102227079
1741547332.250109,-13.47425886724901,6.067348539619096
1741547332.2640436,-13.46367819191726,6.036665573744814
1741547332.283951,-13.443071945355774,5.97581517651751
1741547332.2962976,-13.432906150623879,5.945129269203605
1741547332.309201,-13.41313475602794,5.88318114808424
1741547332.3240116,-13.403535971450452,5.851932638133864
1741547332.3383834,-13.385500846275322,5.79095438497211
1741547332.3501878,-13.376938683129405,5.761219947663169
1741547332.365762,-13.368528252762093,5.731241853196257
1741547332.3808868,-13.352241549244088,5.670576726547957
1741547332.393209,-13.344269675175807,5.639935730838561
1741547332.4050305,-13.336556934690627,5.6096350713580385
1741547332.4183023,-13.322259187236275,5.551692713939271
1741547332.431011,-13.315668903774212,5.523416002640307
1741547332.4424052,-13.309497422427594,5.495383089107455
1741547332.4591215,-13.298834987184776,5.441880653553574
1741547332.4710824,-13.294195867023076,5.415756515539958
1741547332.4820838,-13.290067769214788,5.389819544116236
1741547332.4939344,-13.286576429332113,5.364748990898496
1741547332.505616,-13.283629684930196,5.340566335755071
1741547332.5166876,-13.279496581591019,5.2948860327025296
1741547332.52793,-13.27821080469362,5.2734159136925225
1741547332.5383005,-13.277386851446472,5.252066982972017
1741547332.5498037,-13.277065696435443,5.230847916398327
1741547332.5644767,-13.277221714123169,5.210577950621692
1741547332.5754604,-13.278582482302856,5.171998253735888
1741547332.5894716,-13.279813708159299,5.152021687997032
1741547332.601111,-13.281378560522555,5.131353761656542
1741547332.6124792,-13.28321347901082,5.110026725888682
1741547332.6279871,-13.287452689472348,5.065508038775943
1741547332.6400743,-13.289841154685538,5.042376708885145
1741547332.6528404,-13.292382239303233,5.018699837511492
1741547332.6649618,-13.29491920176397,4.995226738479096
1741547332.6765723,-13.299593828762792,4.950322629510062
1741547332.6880765,-13.301995984126863,4.927365007593234
1741547332.6994658,-13.304534086385251,4.903851988955438
1741547332.7152154,-13.307186181151502,4.879808495098061
1741547332.726248,-13.309971818447305,4.855262689299382
1741547332.7366643,-13.315778071788406,4.80474297003346
1741547332.7480283,-13.31878228461252,4.778812968830924
1741547332.758604,-13.32175653738223,4.753140064353169
1741547332.7703838,-13.324736696118165,4.727716039754467
1741547332.7841904,-13.327760522494266,4.701847015059835
1741547332.7965338,-13.333837166117341,4.648846768014358
1741547332.8086956,-13.336889769455176,4.621755422883729
1741547332.8206227,-13.339965484702908,4.594296455053357
1741547332.831313,-13.343040077020351,4.566484788806763
1741547332.842379,-13.346134253210051,4.538339510853806
1741547332.8535402,-13.349222845970191,4.509873854023232
1741547332.865003,-13.352326637415732,4.481105310922509
1741547332.8902829,-13.36158929274326,4.393109070864158
1741547332.906467,-13.364570847522904,4.363248300346033
1741547332.93026,-13.373392625427838,4.272267976452554
1741547332.9709651,-13.384643809718591,4.148070637940428
1741547333.119683,-13.422670973451245,3.6614097647832544
1741547333.1335158,-13.424990418289617,3.628118019463082
1741547333.1489058,-13.42953164895441,3.5612988010544484
1741547333.1612177,-13.431751497329355,3.5277784732296276
1741547333.1745586,-13.436058877646964,3.4605313666466753
1741547333.1871543,-13.438119291656683,3.426809304131665
1741547333.200075,-13.440053090651906,3.3930218738589053
1741547333.2129157,-13.441914130530375,3.3591752319814887
1741547333.2390862,-13.447266663768067,3.2573179279204054
1741547333.2522666,-13.448945500809446,3.2232663631894813
1741547333.266964,-13.452162783551763,3.1550290056578123
1741547333.2799559,-13.453700258493873,3.120847301953551
1741547333.293175,-13.455172406709572,3.0866254216269997
1741547333.306275,-13.456631383153242,3.0523674473174855
1741547333.3192997,-13.459620389090151,2.983754654541009
1741547333.3328707,-13.461147222834072,2.9494028678659836
1741547333.3450801,-13.46267915388755,2.9150220694540283
1741547333.3589246,-13.465795538519343,2.846180613453836
1741547333.3759158,-13.468777217879515,2.7772320837149747
1741547333.390979,-13.470316951597361,2.742725018776996
1741547333.4046955,-13.471877573027266,2.7081970633740977
1741547333.4176419,-13.475114681567257,2.6390851022965376
1741547333.4324577,-13.476793014880354,2.604503206242103
1741547333.4486568,-13.480249721345253,2.5352913126545364
1741547333.4653108,-13.4820312647415,2.500663195901045
1741547333.478191,-13.485735064523679,2.431368508044452
1741547333.490194,-13.487660050576434,2.3967036622801707
1741547333.5016546,-13.489617522931033,2.3620272176515473
1741547333.512954,-13.49163527990138,2.3273414473665524
1741547333.524999,-13.493661605429805,2.292644000760681
1741547333.5366812,-13.49748096052982,2.2232017526219
1741547333.549849,-13.499287724346258,2.1884590342843
1741547333.561093,-13.501091375846677,2.153706140173403
1741547333.574265,-13.502858774337712,2.118941845443202
1741547333.5875502,-13.506292600646912,2.0493814283865355
1741547333.600162,-13.507851475386795,2.014581202263639
1741547333.613255,-13.509325833085196,1.9802491936364963
1741547333.62742,-13.512293271634125,1.9124333120619486
1741547333.6395874,-13.51380236931573,1.8784514488244644
1741547333.650527,-13.51534090735107,1.844424038224967
1741547333.6619391,-13.516882357119439,1.8103521202464503
1741547333.678118,-13.520033707384666,1.7420858825375838
1741547333.6889646,-13.52164897495638,1.7078957921303555
1741547333.7095068,-13.52494740222735,1.6394103911198235
1741547333.7214465,-13.526636489974416,1.6051187997383956
1741547333.7335556,-13.528373508829135,1.5707978545090853
1741547333.7484868,-13.531947720523071,1.5020718418777639
1741547333.777362,-13.537589242885678,1.398795102066508
1741547333.7921424,-13.539451882821544,1.36431953043751
1741547333.8044765,-13.541330982964483,1.3298222750857676
1741547333.8272135,-13.5471131469833,1.2262135475305311
1741547333.841346,-13.548862984273894,1.1916294638021703
1741547333.8539762,-13.550432850863633,1.1570190521780483
1741547333.8648717,-13.551851903787007,1.1223852832701942
1741547333.8769064,-13.554018968251544,1.053046717921546
1741547333.912136,-13.555890053124125,0.9493789106777794
1741547333.9523585,-13.557896774415116,0.8213174437836882
1741547333.9888806,-13.556622945281198,0.6954406821479423
1741547334.0231452,-13.55113452984267,0.5995237411321366
1741547334.0619347,-13.5342992872656,0.4707021052650112
1741547334.0947742,-13.503149486796737,0.3427671741886514
1741547334.1371498,-13.456446056094997,0.21810716067064997
1741547334.171721,-13.410856915050333,0.12835567797118178
1741547334.2097273,-13.336081108428669,0.015877725705337076
1741547334.2448978,-13.269905544812806,-0.06161169433293483
1741547334.279999,-13.169227128469009,-0.15371437378553268
1741547334.309973,-13.08534242045017,-0.2131029542028763
1741547334.342888,-12.995279568595842,-0.2632314038346426
1741547334.378452,-12.867816295174425,-0.31421340732760744
1741547334.4157867,-12.744281176160387,-0.34387520686359063
1741547334.4558945,-12.621913064459138,-0.35337917922152484
1741547334.4869993,-12.537466582722836,-0.350925470494023
1741547334.5194962,-12.453128394922848,-0.34057180173343377
1741547334.5574436,-12.337653912238016,-0.31894612686105234
1741547334.5917666,-12.248946316203593,-0.29968902564905725
1741547334.622354,-12.158815128360292,-0.2779862825050021
1741547334.6515772,-12.067333972563507,-0.25477251138923807
1741547334.6816807,-11.974488349195127,-0.2310653728707228
1741547334.7158108,-11.85644108833893,-0.20171010490318372
1741547334.7587814,-11.739115911092814,-0.1751815982908651
1741547334.7969384,-11.618078826320842,-0.14927025985537587
1741547334.8253534,-11.556412996514018,-0.13636913270698134
1741547334.8604205,-11.430943096008791,-0.11161499417352766
1741547334.891888,-11.33522903761813,-0.09385895167035263
1741547334.925131,-11.238404841160042,-0.0763887986900014
1741547334.9601462,-11.107780073224214,-0.053821933251749686
1741547335.0064492,-10.975374032630956,-0.03404977226973421
1741547335.0396354,-10.8416097698092,-0.016117592165131676
1741547335.0732517,-10.740499195083185,-0.004167422786670415
1741547335.1096368,-10.604638348260405,0.008080290784468685
1741547335.1449044,-10.502123742879235,0.014797251827641977
1741547335.1751003,-10.364851585931527,0.021827374360710177
1741547335.202558,-10.296021692973925,0.024952968871973975
1741547335.2483008,-10.123455866891769,0.03114984076864463
1741547335.2792616,-10.019648165410251,0.03429581629272786
1741547335.310341,-9.91568265817204,0.03736884118112887
1741547335.3438396,-9.811570385782684,0.03999579522092803
1741547335.3775966,-9.672561588301587,0.04286746381582599
1741547335.4059272,-9.602986703570096,0.04406250619290045
1741547335.4399981,-9.46372956649526,0.046706600125623485
1741547335.4689333,-9.35920410493682,0.04879663696183424
1741547335.502611,-9.25461101353104,0.050564901307086976
1741547335.5314128,-9.149959600985209,0.05200537952866838
1741547335.5746868,-8.975443261477336,0.05453575436816301
1741547335.6045773,-8.905609896782424,0.055720591883781555
1741547335.6370683,-8.765894482303043,0.057670491568268194
1741547335.6804667,-8.626128164949092,0.05939834696660899
1741547335.7173815,-8.486326883229427,0.061463709516977126
1741547335.7544863,-8.381455285177777,0.06307763556085746
1741547335.7834754,-8.276573173604794,0.06500239540016393
1741547335.816371,-8.136720886459434,0.06812609549260543
1741547335.85033,-8.031825726080571,0.07078076809062064
1741547335.889909,-7.891947208939742,0.07417919510999044
1741547335.9180331,-7.787038517768726,0.07709820540333429
1741547335.9536924,-7.682133989384083,0.08039057000207991
1741547335.9880683,-7.5422663416918825,0.08521176321905709
1741547336.0170665,-7.437354584075051,0.08867370766926434
1741547336.0474153,-7.332431093931044,0.0919000895457643
1741547336.0682836,-7.262480127833354,0.09405380631335382
1741547336.1045737,-7.15755785330873,0.09750147209102974
1741547336.1329088,-7.052625089398686,0.10070792608087353
1741547336.1624112,-6.947690186738857,0.10392553036529191
1741547336.190373,-6.842762995727841,0.10745004915990587
1741547336.2370954,-6.667884011176115,0.11343093924922945
1741547336.2675223,-6.597939234732273,0.11604758692773313
1741547336.3039567,-6.458066897262759,0.12176161801861043
1741547336.3422287,-6.318223087454095,0.12817726352424189
1741547336.3872702,-6.143439902897683,0.13670189796106857
1741547336.4435115,-5.968630523040994,0.144712903302459
1741547336.4759357,-5.828734337433472,0.1499592763681614
1741547336.509373,-5.723774481141642,0.1527433589969262
1741547336.5462887,-5.618799599857953,0.1549178136056907
1741547336.576726,-5.47881682039085,0.15691040169247547
1741547336.6071477,-5.373827069110789,0.15824523872515728
1741547336.6344361,-5.268837958956294,0.15964723905560052
1741547336.6678894,-5.163851374021069,0.16123968398965768
1741547336.6931372,-5.0938625429485676,0.16244475838034728
1741547336.7202637,-4.988884262783745,0.16452628496191607
1741547336.7481875,-4.883914558358652,0.1670081090888859
1741547336.781904,-4.7789474858999945,0.16960588796306325
1741547336.8208706,-4.639005466736819,0.17359886619613557
1741547336.8586276,-4.4990758311097405,0.17801338131831124
1741547336.887599,-4.394120477058565,0.18105741240284667
1741547336.9259083,-4.289145942265208,0.18333688056063815
1741547336.9532802,-4.184159450638866,0.18499618277480423
1741547337.0391524,-3.8691841040147117,0.1888656772804014
1741547337.104867,-3.65921197472437,0.19225288772943966
1741547337.1549582,-3.4492349307438475,0.1953278002802356
1741547337.1764646,-3.379238073476987,0.19596925032985582
1741547337.20809,-3.274238648249573,0.19616280864286734
1741547337.2382069,-3.16923875323412,0.19613663620723998
1741547337.2637572,-3.0992391706438536,0.19591723592791488
1741547337.295512,-2.9592416498344645,0.19510196458045914
1741547337.3330464,-2.85424560607077,0.19419849713930606
1741547337.3607419,-2.749251534881963,0.19309316453362946
1741547337.3875926,-2.6792581353943428,0.19213612311266925
1741547337.412706,-2.574268033837447,0.190699222344154
1741547337.4429195,-2.4692767402167184,0.1893537611344808
1741547337.4724815,-2.3642904561934093,0.1876615561779786
1741547337.500632,-2.2593104979489484,0.18561408218045738
1741547337.5258677,-2.1893247163341067,0.1842049111900374
1741547337.5498617,-2.0843486967948306,0.18196534877402398
1741547337.5736244,-2.014369164574691,0.1802733892804098
1741547337.5982413,-1.909395376035859,0.17792928045739512
1741547337.6249347,-1.8394101143670674,0.1764941278029693
1741547337.6479297,-1.7344279321879037,0.17456265801554535
1741547337.6715574,-1.6644370795164392,0.17343180003279465
1741547337.6955636,-1.5594517446013259,0.17168075033602864
1741547337.7201178,-1.489460601046763,0.17056876780943792
1741547337.7478292,-1.3844722960703195,0.16900566967745123
1741547337.7906547,-1.244486566808425,0.1670095011393424
1741547337.812649,-1.1744960173814443,0.16586062185770478
1741547337.8441684,-1.069514305201779,0.1639035217996513
1741547337.8699274,-0.9645396003977049,0.161601640518072
1741547337.8955083,-0.8595658622335588,0.15925487437681576
1741547337.9217658,-0.789580635559065,0.1578171308207407
1741547337.9552634,-0.64960977701713,0.1549643696779443
1741547337.9757266,-0.5796235485766762,0.1535762958718889
1741547337.9974802,-0.5096399570255297,0.15206120323592767
1741547338.0200503,-0.43965875478692573,0.150439385885242
1741547338.0482814,-0.33468132372266324,0.14826460630046734
1741547338.0696104,-0.2646932221202224,0.14697519051752542
1741547338.0959775,-0.1597066909003022,0.14529659958781513
1741547338.118318,-0.08971275184356771,0.1443764464509261
1741547338.1474936,0.015281932906844688,0.14332710734004944
1741547338.1706896,0.08528030151518748,0.14285442689743522
1741547338.1915169,0.1552789630764616,0.14242390097882324
1741547338.2189422,0.26027595549464166,0.1416316235906443
1741547338.240215,0.33027325823466214,0.14101803735068608
1741547338.260872,0.4002716120772035,0.14053901232742536
1741547338.2834558,0.4702690349872427,0.13993942698835718
1741547338.3095562,0.5752625150349199,0.13877351042436656
1741547338.3334796,0.6452559373687119,0.1378158306715281
1741547338.3685813,0.7852349382022458,0.13540095412183895
1741547338.390007,0.8552192692243297,0.1339215730972651
1741547338.4099398,0.9251992591584318,0.13224948014775884
1741547338.4313455,0.9951742137731844,0.1303785435270415
1741547338.4493408,1.0651434328729628,0.12830420047056762
1741547338.4685857,1.1351062162556012,0.12602311590325854
1741547338.4879544,1.205067145424555,0.12368501973086739
1741547338.512395,1.2750283737082861,0.12135560947814937
1741547338.5320501,1.3449909089139687,0.11906598415723324
1741547338.5510428,1.4149482531168367,0.1166228322449395
1741547338.573819,1.4849090100807028,0.1142794307030433
1741547338.598474,1.5898576497168375,0.110996881199575
1741547338.6200132,1.6598283097206146,0.10897118022523614
1741547338.640205,1.729803202713181,0.1070975274971728
1741547338.6623814,1.799782358037685,0.1053906070055786
1741547338.6916375,1.9047581031257874,0.10313611147764241
1741547338.7086174,1.9747417721130547,0.1016245741889745
1741547338.7269719,2.0447287554384683,0.10027508856742921
1741547338.7482703,2.1147146857386088,0.09887209344749762
1741547338.7685885,2.1847038533534464,0.09764150239460048
1741547338.7888355,2.254695823900058,0.09658211049391642
1741547338.80941,2.3246901090499774,0.09568864760504403
1741547338.836492,2.429683638431391,0.09452511302509593
1741547338.8567672,2.4996779998070333,0.09363770628668387
1741547338.8755896,2.5696730434370147,0.09280771183337604
1741547338.8981016,2.6396683555919913,0.09199941308623749
1741547338.9251368,2.709662092449295,0.0910644657724431
1741547338.9435275,2.7796561459005993,0.09015413906346388
1741547338.9707203,2.8846499839083917,0.08901903815654887
1741547338.9925203,2.9546446206308135,0.08815330836950722
