1741546685.2456734,0.0,0.0
1741546685.255853,0.0,0.0
1741546685.2882454,0.0,0.0
1741546685.3137393,0.0,0.0
1741546685.3365881,0.00090345,0.0
1741546685.3642368,0.008891849812334466,1.5051302100673564e-06
1741546685.3874607,0.02543924159635453,1.4912104253320023e-05
1741546685.4097188,0.04122583745396326,2.632192764414813e-05
1741546685.4384694,0.07202048578837239,3.933984980111968e-05
1741546685.4627938,0.09706722070724204,-3.6361064389115486e-05
1741546685.4873376,0.1406258483452426,-0.0002956561433130444
1741546685.5159376,0.1732288433006944,-0.0004413811029339883
1741546685.5435314,0.22682777876402713,-0.0006566871473875785
1741546685.5671053,0.28537626407076117,-0.0008879635598588228
1741546685.587588,0.3058733749609367,-0.0009141700558719527
1741546685.605371,0.34820170839316894,-0.0008936094814081101
1741546685.6282847,0.4147218599321949,-0.0006787877306392789
1741546685.6508281,0.4608698642218787,-0.00041084643958506776
1741546685.6732275,0.508303336137286,-6.778942317568732e-05
1741546685.7119195,0.6065623590913267,0.0005085706401286166
1741546685.733375,0.6571799611473562,0.0009478510668835573
1741546685.7687366,0.7609494337514757,0.0014540498164044991
1741546685.8353372,0.9218305372942572,0.0013673076775387633
1741546685.857753,0.9766025760270226,0.0013676902466565025
1741546685.8833995,1.0596560712863365,0.0016033477996236284
1741546685.9089375,1.1436541352086862,0.0018124244030422398
1741546685.9513178,1.2569001043994497,0.0024076414521113304
1741546685.9714127,1.313984536523949,0.002874422246259228
1741546685.9936726,1.3713403610493515,0.003215463040397683
1741546686.0190477,1.457828033678339,0.003496881909500348
1741546686.0449364,1.5157562637049293,0.003543632784553511
1741546686.075965,1.603003528293318,0.003413443137330011
1741546686.094436,1.6613796752053396,0.0034246342864000393
1741546686.1190352,1.7492220458788197,0.003520340014481306
1741546686.1472342,1.8373576585286733,0.00333278171387352
1741546686.167879,1.8667943955265551,0.0033098986772342478
1741546686.192895,1.9552602084884945,0.003408239841368181
1741546686.2144191,2.014354777580389,0.0036308149350565045
1741546686.237354,2.073532757357364,0.0039795173444177
1741546686.2602646,2.1327860252216255,0.004461184986653784
1741546686.2807722,2.2217924607787696,0.0053042553436071236
1741546686.3028455,2.2812066309762766,0.005800822277921753
1741546686.327713,2.3704287178474575,0.006436811191227946
1741546686.3494117,2.4299705272233902,0.006710827397847671
1741546686.3762126,2.48955524793731,0.006864072151149351
1741546686.4012742,2.5790037068032694,0.006842869527819885
1741546686.4251122,2.638678058237989,0.006659265629441019
1741546686.4598622,2.758112291110043,0.005849476048410886
1741546686.4759035,2.787986475876326,0.005558728713778189
1741546686.5000255,2.877642249163347,0.0045763860188915
1741546686.5256958,2.93744003473362,0.004049395933561206
1741546686.543744,2.9972571794260596,0.0036231026751731756
1741546686.5625339,3.057091822019606,0.0033037085070364335
1741546686.5807607,3.1169422463834366,0.003102332307979129
1741546686.6074445,3.2067432621023495,0.0027496435103938994
1741546686.628359,3.266626165022114,0.002625568918316796
1741546686.6476524,3.3265200520238594,0.0026484446887234873
1741546686.6659348,3.386423568040881,0.002812810511810535
1741546686.6856375,3.4163785070637824,0.0029551584521549444
1741546686.7075403,3.506256067536424,0.0032856067947039038
1741546686.7299812,3.5661832190895177,0.0036286433068999646
1741546686.747517,3.6261161874202466,0.004098603010290993
1741546686.7707987,3.6860560113530227,0.004451175837330467
1741546686.7905662,3.746001786332716,0.004713925705383874
1741546686.8110747,3.805951874369084,0.0051000192480714825
1741546686.827678,3.865907141215856,0.005363715340749439
1741546686.852048,3.9258669371412993,0.005497881556065787
1741546686.874839,3.985830594058297,0.005529839828016584
1741546686.8930566,4.045797477613567,0.005665567473072347
1741546686.9103637,4.105767571421983,0.0056860354144938775
1741546686.9341576,4.165740337877557,0.005798674452059008
1741546686.9554608,4.225715717092984,0.005770163286826615
1741546686.9702737,4.285693149495711,0.00560062959016821
1741546686.9903877,4.345672119026075,0.005295820671917375
1741546687.0058057,4.375661969818105,0.005085279627305271
1741546687.0235622,4.435643351054663,0.004722269623325279
1741546687.0462627,4.525619410534079,0.004374201641888505
1741546687.0677898,4.585604757869064,0.004039508767722135
1741546687.0841806,4.61559815448199,0.00392222536916046
1741546687.10207,4.675586095750562,0.003771645872328654
1741546687.1164021,4.70558056794973,0.0037365807389357153
1741546687.1360865,4.765570323398537,0.0037492129886975817
1741546687.1585991,4.855556637771404,0.003668605697911511
1741546687.1764977,4.885552523428213,0.003678784146031106
1741546687.195843,4.945544832165887,0.0036079851647547573
1741546687.212303,5.005537876324887,0.003652062738714909
1741546687.2338722,5.065531527278073,0.0035739293967529773
1741546687.2504075,5.125525548764581,0.003395218309405671
1741546687.2684865,5.185520329307279,0.0033289823520417576
1741546687.2871416,5.245515297345153,0.0031311104816851283
1741546687.3107395,5.305510096323748,0.0027965861947321633
1741546687.325093,5.335507279083914,0.0025727271086892585
1741546687.3472674,5.425500251498977,0.0020385629607137874
1741546687.362537,5.4554984332254275,0.001932636413850318
1741546687.3861136,5.545493752614493,0.0017337200440189287
1741546687.4059494,5.605490605816748,0.0014840792765879896
1741546687.4292014,5.665487013977267,0.001103074793310504
1741546687.447693,5.7254807652383874,0.000421970821722964
1741546687.4635284,5.755473812577445,-0.00017353233905653882
1741546687.479276,5.815452622603269,-0.0016933355759084978
1741546687.492578,5.845437926969143,-0.002603679603759013
1741546687.5111568,5.905404859544842,-0.004546223211081403
1741546687.5327106,5.9653749880358555,-0.0063923261963512515
1741546687.547808,6.025347284610137,-0.008171211373631006
1741546687.5637243,6.055334355238081,-0.009030630671019103
1741546687.5816338,6.115309746702036,-0.010708021916012198
1741546687.5986733,6.175287660463805,-0.012296544234780127
1741546687.614668,6.205276829611819,-0.013084308373296319
1741546687.6268954,6.2652522642600115,-0.014769179868219517
1741546687.644695,6.295242132272415,-0.015531886157557552
1741546687.6593475,6.3552293367194155,-0.016728074328745585
1741546687.6742008,6.385225703347355,-0.017170222697352383
1741546687.6873872,6.445221884353945,-0.01777149137076127
1741546687.704823,6.4752211511360755,-0.01792763874490361
1741546687.723606,6.53522046637252,-0.017913522957067177
1741546687.7392712,6.595216570993006,-0.01731763964708941
1741546687.7555883,6.6252115488796575,-0.016783103192128175
1741546687.7721505,6.685198461876376,-0.01555253861238355
1741546687.7862113,6.7151902736817854,-0.014860955488474794
1741546687.8033602,6.775170257270786,-0.013328492796784247
1741546687.8176556,6.805158944018259,-0.012511394259948991
1741546687.8315518,6.865141591856468,-0.011086988484801517
1741546687.845981,6.925128199070378,-0.009834108270929967
1741546687.8593993,6.955122499483162,-0.009257386753180318
1741546687.872111,6.985118624312498,-0.008784557792793274
1741546687.8883646,7.04511250999862,-0.007946194417865525
1741546687.9058228,7.075110037055095,-0.0075704620603616445
1741546687.920014,7.135106329901102,-0.006929731885048952
1741546687.9328344,7.165105778814087,-0.0067687503993118445
1741546687.948839,7.225105339371763,-0.006598387513745464
1741546687.9616623,7.255105238438512,-0.006574290271416157
1741546687.9792745,7.315105008155669,-0.006637160318898312
1741546687.992073,7.345104794584251,-0.006726733862253977
1741546688.005596,7.375104203637295,-0.00689957853081658
1741546688.0195858,7.435097615416779,-0.007750773106003512
1741546688.0332487,7.465090290217412,-0.00841019025800465
1741546688.0470872,7.525072942839436,-0.009847852351621934
1741546688.0607436,7.555065311332475,-0.01052196851115675
1741546688.0723732,7.5850572245984695,-0.01121601375634841
1741546688.0859249,7.615046752861677,-0.012005820988657618
1741546688.102341,7.675015444485259,-0.013938696451439206
1741546688.1138835,7.704998487326101,-0.01494589915329549
1741546688.127676,7.764967520205721,-0.016870751965443905
1741546688.142121,7.794953956020277,-0.01777112634718468
1741546688.154135,7.824943325451941,-0.018567917517489266
1741546688.1660848,7.8849280114217475,-0.019915833678566502
1741546688.178773,7.8849280114217475,-0.019915833678566502
1741546688.1916015,7.944919588709621,-0.020910620445897192
1741546688.2049394,7.974917331821622,-0.02127519789389727
1741546688.2164495,8.004440754750577,-0.021522102426902067
1741546688.2307568,8.06115690632638,-0.021720150154290022
1741546688.2461033,8.089388362472516,-0.021682192574623903
1741546688.2577908,8.14609957205488,-0.021627339330137847
1741546688.2690134,8.174571502915683,-0.021592958154253928
1741546688.28155,8.203115797958906,-0.021462844597472584
1741546688.2918966,8.231218986763308,-0.021188638460497282
1741546688.3032103,8.258902200138046,-0.02083860089849914
1741546688.320498,8.31459390897753,-0.02016502178785942
1741546688.3328707,8.342592030489698,-0.01982822903285693
1741546688.345666,8.370684403763065,-0.019426885274975353
1741546688.3571758,8.398866848716711,-0.018991222416159952
1741546688.3685231,8.455484066389422,-0.017976537952553606
1741546688.381232,8.48391073833154,-0.017401117198859745
1741546688.3936856,8.512411413642354,-0.01679922063522178
1741546688.4086967,8.569619540756731,-0.015466370223066118
1741546688.4204981,8.598320287453655,-0.01473610976731682
1741546688.4344165,8.626576553314424,-0.013996277538516906
1741546688.4596164,8.71037650969443,-0.01168777971142824
1741546688.4883196,8.79501257626416,-0.009275885806321396
1741546688.5107534,8.8518336023966,-0.007289622536173798
1741546688.5433264,8.937523462417184,-0.0025815094493774286
1741546688.5624976,8.994836730436752,0.002444713774966097
1741546688.587609,9.080760252773395,0.014101223101054203
1741546688.6282995,9.19410819294446,0.03993315174846743
1741546688.6588762,9.277167106800933,0.06790856139821995
1741546688.6966968,9.357684276183287,0.10331470457472809
1741546688.72168,9.434818856605013,0.14614847083652488
1741546688.9543386,9.83452174032268,0.6795446537318863
1741546689.0371122,9.865752406277933,0.9156185062603496
1741546689.0834842,9.852984184404924,1.0643698784839082
1741546689.3273146,9.589570360871512,1.7633189178456345
1741546689.357506,9.565545375097402,1.8182416024672543
1741546689.385752,9.529667853797502,1.9007051974386815
1741546689.4536312,9.451085753939406,2.087059782630942
1741546689.4768102,9.433550577762425,2.1343646528919242
1741546689.493611,9.41888170208689,2.1793102992314135
1741546689.5118604,9.406422296432332,2.22489461234493
1741546689.5368278,9.396674576583425,2.267884935020635
1741546689.555942,9.389533986676696,2.307522727116502
1741546689.5769815,9.384652190046424,2.3440560176087915
1741546689.5984824,9.380096749902256,2.396988423574349
1741546689.6182995,9.379197193919742,2.415652743914747
1741546689.6365514,9.378055290687264,2.4545961198613906
1741546689.656316,9.377388474551495,2.495504593532784
1741546689.6767192,9.376955752886367,2.5381882162992757
1741546689.697883,9.376734764630385,2.605183257374251
1741546689.9451356,9.384811407816802,3.2242707830629502
1741546689.9644053,9.383568229931443,3.2800415943419154
1741546689.9867291,9.380950123437348,3.3643999909418665
1741546690.0098102,9.378697380769301,3.421051120880846
1741546690.0253384,9.377445936616915,3.4494884909586787
1741546690.0424464,9.375013489716752,3.506581939273882
1741546690.0612473,9.373071386014283,3.5639590893207633
1741546690.076037,9.372290524492087,3.592745260624375
1741546690.0904565,9.370967879991419,3.650492403944258
1741546690.1086712,9.370388484287965,3.7084590549890923
1741546690.1244628,9.370401989956074,3.7375159141802228
1741546690.142773,9.37090821675352,3.7957594480612857
1741546690.16724,9.373244888798494,3.883397039523484
1741546690.183898,9.374268781375347,3.912675057322889
1741546690.2022583,9.376829248426533,3.971309431354116
1741546690.2245684,9.380150088780507,4.030027417945241
1741546690.2423737,9.384079358222886,4.0888186597981875
1741546690.2631972,9.388475816808011,4.147677164102017
1741546690.2836852,9.392947083034448,4.2066210958198065
1741546690.2994716,9.39716604011915,4.2656661682147
1741546690.3179195,9.401522723392414,4.324776066318625
1741546690.3362238,9.403785674366436,4.354350574558114
1741546690.3587883,9.410887122706624,4.443143560186861
1741546690.3758378,9.413330448523205,4.472763948233684
1741546690.3903043,9.418499099667455,4.532019946814325
1741546690.4065166,9.423943621691857,4.591299763912642
1741546690.4233851,9.426725580481124,4.620950852045057
1741546690.440216,9.432396159192779,4.680273740595257
1741546690.456794,9.435287241096908,4.709944264353007
1741546690.4721174,9.441209976914541,4.769298098125533
1741546690.4923685,9.447451483503693,4.828651899676243
1741546690.5088499,9.453954810695018,4.88800752335408
1741546690.5219228,9.457159731555922,4.917700707218043
1741546690.5370758,9.460353577027382,4.947401510683717
1741546690.5589943,9.469783288679096,5.036555660990159
1741546690.5746942,9.472892583853932,5.066288215459994
1741546690.589025,9.47902427661813,5.12577720817459
1741546690.6057942,9.482017298832773,5.155536069499537
1741546690.6200101,9.487717549925302,5.21509466147602
1741546690.6315289,9.490526375699444,5.244883913510436
1741546690.651231,9.496033322733487,5.3044838313236955
1741546690.6669488,9.501391960721005,5.364110891540868
1741546690.6848001,9.504005393635186,5.393934981233204
1741546690.7011685,9.509124389702706,5.453601172432095
1741546690.7146668,9.511655274887843,5.483440790486039
1741546690.7339182,9.516791400808055,5.543121171807373
1741546690.7476337,9.521763052228032,5.602824696625677
1741546690.762415,9.524180504034863,5.632685265405899
1741546690.788435,9.53154420848782,5.7222694266944485
1741546690.8050466,9.534065634836436,5.752128812056782
1741546690.8180206,9.539026549559617,5.811859251970103
1741546690.8342528,9.541479323072812,5.841729039796612
1741546690.8487806,9.546503861484775,5.901462902695856
1741546690.8612907,9.54907107752614,5.931327122181655
1741546690.877275,9.551656203375083,5.9611910204346605
1741546690.8911257,9.556909610590195,6.02091500040858
1741546690.904165,9.559481169898852,6.050783401801413
1741546690.9186342,9.564692080392867,6.110517276516878
1741546690.9298444,9.567273682354397,6.139909941018559
1741546690.9424648,9.569671215231908,6.168363907460073
1741546690.95792,9.571878627905248,6.196402097564698
1741546690.9728267,9.575853573732676,6.2527751755124585
1741546690.984623,9.57772668833973,6.280577134542644
1741546690.9989772,9.58145477531863,6.335474975236068
1741546691.015403,9.58327282875558,6.36310336762558
1741546691.0272415,9.586967030508372,6.418681564448704
1741546691.0385413,9.58885659047333,6.446620239254551
1741546691.0499783,9.590788199358743,6.474651245326826
1741546691.0625296,9.592735577970009,6.502771842367291
1741546691.0731385,9.594724971599163,6.530975876032458
1741546691.084379,9.596731328058937,6.559260980829277
1741546691.0969324,9.598781660695945,6.587621300170641
1741546691.1078134,9.602966761669936,6.644556152816121
1741546691.1210446,9.605103592915146,6.673123574703584
1741546691.1334102,9.60731375654908,6.70174991856791
1741546691.144267,9.60964267405826,6.730428314436067
1741546691.1571376,9.612035199631272,6.759160042732473
1741546691.1679206,9.6169035720707,6.816781158445417
1741546691.17929,9.619386792702574,6.845664709250272
1741546691.190873,9.621922957132968,6.874591864368374
1741546691.2026231,9.624486793054867,6.90356249626405
1741546691.2151926,9.62710520758369,6.932571985885272
1741546691.22882,9.63245399291121,6.990703746802957
1741546691.2400277,9.635184418920746,7.019822078942937
1741546691.2510436,9.637969735932348,7.048971224412215
1741546691.2648833,9.64078340390335,7.078151950252738
1741546691.2773397,9.643651757884511,7.107360028995393
1741546691.2892168,9.649499154210403,7.165857095465651
1741546691.3144221,9.65551111077674,7.224450533025938
1741546691.3421018,9.66482959961372,7.312498663095694
1741546691.37065,9.674528717169874,7.400705408935694
1741546691.3918715,9.681020085714271,7.4596044952215
1741546691.4127219,9.68697308901098,7.518629467879611
1741546691.4429834,9.693760406373165,7.607468515506703
1741546691.4735572,9.696373120276403,7.6966429609479095
1741546691.4990218,9.692903910788006,7.7858825748368545
1741546691.523258,9.686412985142427,7.845124858159907
1741546691.544058,9.676458588088252,7.9039212215319345
1741546691.5742166,9.654886456337364,7.990774401175369
1741546691.6023989,9.625255572967086,8.075284974331
1741546691.621843,9.601025554945794,8.129898301837436
1741546691.6477177,9.558105945405494,8.208596881759492
1741546691.66963,9.525253719825514,8.258562926688873
1741546691.6889334,9.489149207976066,8.306254001852372
1741546691.7139797,9.449938973835184,8.35144736183927
1741546691.7372208,9.407788544155059,8.393932138051145
1741546691.902742,8.96003245050545,8.621609024532987
1741546691.9293318,8.87095734842882,8.633605426927833
1741546691.955558,8.811091581516918,8.636583491813871
1741546691.9758182,8.753059341780494,8.635596019352588
1741546691.996379,8.698467464495481,8.631048489980461
1741546692.018669,8.617269553298835,8.617468678629356
1741546692.0399802,8.563235599132327,8.604864194047252
1741546692.0627,8.509273863624575,8.59025075108765
1741546692.0841503,8.455301961651822,8.574275063991566
1741546692.1036396,8.401199148430045,8.557539939243057
1741546692.127268,8.319626652600327,8.531840268860732
1741546692.1455314,8.292299818799023,8.52324091107262
1741546692.1665351,8.211920671385746,8.497839236368256
1741546692.1883895,8.160461321227892,8.481536711717956
1741546692.2111127,8.108392708094092,8.465308746269358
1741546692.231525,8.05587176633276,8.448828767849484
1741546692.2506626,8.003033251892338,8.43182930660159
1741546692.2767718,7.950288558750022,8.414886629377184
1741546692.3697326,7.693928996462673,8.337524539727497
1741546692.3923907,7.640391079031677,8.3242629284562
1741546692.4159646,7.586164501243568,8.311956251545244
1741546692.4372025,7.531336336032156,8.300491377571841
1741546692.5543897,7.193057091881143,8.246015948761144
1741546692.5737762,7.1354274525707755,8.23961066043619
1741546692.5989752,7.048496161218551,8.231366562050706
1741546692.618904,6.9902567668930855,8.226772292598662
1741546692.642991,6.9318463065636715,8.222490149417839
1741546692.664705,6.873303115717156,8.218199412732467
1741546692.6813064,6.8146118853321465,8.214299381207107
1741546692.701136,6.755779979856498,8.21089748312459
1741546692.7340746,6.6673047385011195,8.206622937321631
1741546692.7523818,6.608197205177257,8.2040959366522
1741546692.7707906,6.548995072622044,8.20199567930613
1741546692.793871,6.489715693949874,8.200089454043578
1741546692.8120677,6.430370905272034,8.19822411032624
1741546692.8371022,6.370965766600383,8.19643185134794
1741546692.8548667,6.311506412398117,8.19468823025771
1741546692.876921,6.252002072619241,8.192849739704366
1741546692.8932126,6.192457333802939,8.190916550446547
1741546692.9193585,6.103063855371822,8.188134672592527
1741546692.9404995,6.043415111794885,8.186637372292356
1741546692.9614565,5.983722950195212,8.1857723787404
1741546692.9794612,5.923999673214955,8.185143771746766
1741546692.9951508,5.894127855163263,8.184882188699952
1741546693.0134325,5.834365562239715,8.184467368693088
1741546693.035463,5.774580372836854,8.184229870674915
1741546693.0574403,5.714774842150555,8.184174118998952
1741546693.073787,5.654951223858469,8.184147993136639
1741546693.0977702,5.595111259678784,8.184177941551882
1741546693.120168,5.5053241781386735,8.18408735109563
1741546693.1418903,5.445450703859663,8.183720478892482
1741546693.1560287,5.41550981072123,8.183496010638867
1741546693.2797039,5.026062049792685,8.18191132357415
1741546693.2967322,4.996091594624058,8.181982699035984
1741546693.313832,4.936146851508636,8.18221564598858
1741546693.3334558,4.87619775576129,8.18259241620997
1741546693.5581865,4.186659086639764,8.194944860744357
1741546693.5774288,4.15668351263309,8.195951348564277
1741546693.6044486,4.066762211379751,8.199184999403911
1741546693.62186,4.006820829496299,8.201546668045415
1741546693.6437054,3.9468849009972393,8.204069754547534
1741546693.6627235,3.8869549724344687,8.206754413882972
1741546693.6769495,3.8569927458710493,8.208164100746753
1741546693.6943104,3.797072836660685,8.211091292739018
1741546693.711735,3.737152685613332,8.214030073828136
1741546693.732954,3.6772265915081515,8.216860583383802
1741546693.750509,3.6173023630305328,8.219743554100493
1741546693.7837148,3.527429597188865,8.224363077409299
1741546693.797613,3.497475927961936,8.225982590763595
1741546693.8168578,3.4375732011725533,8.22931199364298
1741546693.836232,3.377678031459221,8.23278237285251
1741546693.8547633,3.317791051642263,8.236398011919285
1741546693.8692505,3.2579129144550696,8.240163076677883
1741546693.8867621,3.198044252230548,8.244080994733856
1741546693.9051065,3.168111480381655,8.24606555441454
1741546693.922972,3.108238824321119,8.249929175842464
1741546693.9369109,3.078299479453418,8.25181524935917
1741546693.960963,2.9884732961076517,8.257348059451195
1741546693.9849634,2.928581806074392,8.260919783232788
1741546694.0021484,2.868698559082363,8.264630240866506
1741546694.0175774,2.8387603445133247,8.266540781440339
1741546694.035608,2.778879163195877,8.270288197260411
1741546694.0529962,2.7189887163476545,8.273887180793533
1741546694.0678992,2.659099279429785,8.277505129857552
1741546694.0857992,2.6291573843592966,8.279361223835993
1741546694.1012728,2.5692786343842897,8.283155208926152
1741546694.1150959,2.5393355681461793,8.284993689735387
1741546694.1301894,2.479453063207544,8.288730129427751
1741546694.143664,2.4495131317368837,8.290620148354352
1741546694.160444,2.389627100957583,8.294302245299242
1741546694.174493,2.359687516841585,8.296198764614
1741546694.1877925,2.299803022515498,8.299906641588013
1741546694.2022908,2.2698513747070255,8.301602757118685
1741546694.2186892,2.209940721888134,8.304863877559308
1741546694.2328558,2.17998275680009,8.30644565546454
1741546694.2483735,2.1200622741786566,8.309522207009074
1741546694.2637622,2.0900996095251023,8.311013128949817
1741546694.2783425,2.030169275748143,8.313893409253579
1741546694.292085,2.0002063532347174,8.315379864730295
1741546694.307341,1.9402764102374628,8.318268961803726
1741546694.3211992,1.9103086395566584,8.3196548906873
1741546694.3396356,1.8503671616545212,8.32229576740632
1741546694.3549974,1.820393681278831,8.32355280782417
1741546694.3735268,1.7604489077953618,8.32611863864679
1741546694.3862977,1.7304782249587052,8.327441244034706
1741546694.4009955,1.670541075214215,8.330180733719025
1741546694.4143507,1.6405746759871855,8.3315974951643
1741546694.430533,1.5806382277552633,8.334352490388948
1741546694.4451756,1.5506688484560787,8.335705105073972
1741546694.4620788,1.49073465742527,8.338510030731426
1741546694.4763238,1.4607651024933341,8.339859077662043
1741546694.4919837,1.4008289414142885,8.342621663948016
1741546694.504878,1.3708619178511625,8.344026091517987
1741546694.520644,1.3109233932615358,8.346737963901473
1741546694.5356193,1.280956698352402,8.348149616895162
1741546694.5498323,1.2210276630263925,8.351063742937832
1741546694.5655453,1.1910639473293163,8.352537473725176
1741546694.5786214,1.1610964936555703,8.353932879922267
1741546694.5905414,1.1011485101091387,8.356427015852498
1741546694.6033323,1.0711739242651306,8.35766028261956
1741546694.6163933,1.041201730323635,8.358950434756983
1741546694.637404,0.9812612391920255,8.361619558110867
1741546694.6530585,0.921326134692113,8.364407244581527
1741546694.6648376,0.8913603026053192,8.365837806805963
1741546694.6773064,0.8613978669574881,8.367337579072707
1741546694.6887286,0.801498539253375,8.370804353464973
1741546694.700623,0.7715620690679353,8.37275503991401
1741546694.7168071,0.7416290728894401,8.374758510768428
1741546694.732896,0.6817682441841669,8.378841570593632
1741546694.7506824,0.621918883591404,8.383089351475391
1741546694.7650163,0.591998676538135,8.385275572349391
1741546694.779339,0.5321836062035409,8.389978585684599
1741546694.792684,0.5022990510144063,8.392607139297017
1741546694.8070538,0.44256330675592337,8.39823069265212
1741546694.8188856,0.41271151129579986,8.4012086410549
1741546694.8362784,0.38286695867985016,8.404258480063508
1741546694.8505964,0.3231748263834298,8.410328393680532
1741546694.862395,0.29332681489095386,8.413344229921739
1741546694.8758776,0.26347630680020173,8.416335259046626
1741546694.890985,0.20378833440192518,8.42244559009185
1741546694.9084122,0.14550028942185356,8.428445761415858
1741546694.9192796,0.11653448858545717,8.431396829526587
1741546694.9336083,0.08801302418330031,8.434229185464211
1741546694.9454534,0.059907874511941545,8.43687444853653
1741546694.9565368,0.031701426632801316,8.43933442476355
1741546694.9694743,-0.02499965630650687,8.443629928481252
1741546694.9863977,-0.08151544717529664,8.447464667538327
1741546695.001099,-0.10861495154732144,8.449149618204904
1741546695.0159278,-0.1353300112541781,8.450617483661825
1741546695.031469,-0.18923405443292868,8.45320686584379
1741546695.0470607,-0.24371662418959925,8.455391584318054
1741546695.0595937,-0.27115767511481836,8.456322437116436
1741546695.0753827,-0.29872264025272577,8.45716246488458
1741546695.0864778,-0.35420097800828604,8.458544542382665
1741546695.0979087,-0.38210084682840334,8.45918140854571
1741546695.1090512,-0.41010137871149716,8.459766873174448
1741546695.1254702,-0.4381972785379423,8.46032461984083
1741546695.1383176,-0.49465777648801007,8.46132777841645
1741546695.1492805,-0.5230122074625279,8.461868835475888
1741546695.1604414,-0.5514444355936657,8.46242126871458
1741546695.1712928,-0.579950249141604,8.46300971867639
1741546695.1847355,-0.6080166963405618,8.463598680912524
1741546695.2005305,-0.6618502583655842,8.464823384412448
1741546695.2120736,-0.6887232630212385,8.465500660535684
1741546695.2238789,-0.7157416079728008,8.466288220453777
1741546695.2353482,-0.7428987494433937,8.46715759545091
1741546695.2455995,-0.7701868975351045,8.4681328279494
1741546695.260467,-0.8229911611640592,8.47008658768634
1741546695.2711825,-0.8485492498972326,8.471067845119018
1741546695.291118,-0.8979840112019362,8.472859267965168
1741546695.3018079,-0.9218996266936687,8.473701864575562
1741546695.3144398,-0.946100611250849,8.474636985339929
1741546695.325942,-0.9928589523342175,8.476981202219738
1741546695.3371274,-0.9928589523342175,8.476981202219738
1741546695.348569,-1.03645698071766,8.479824040319937
1741546695.3594825,-1.0584909710276127,8.481568713416236
1741546695.37001,-1.0808866235035868,8.483496864801953
1741546695.3819606,-1.1036313445022188,8.485538495902656
1741546695.4111247,-1.1738472852312873,8.491726824135787
1741546695.450063,-1.2716075938394833,8.499224306302226
1741546695.5005767,-1.3992621585966099,8.507792496146699
1741546695.522773,-1.451731377823061,8.511132020405357
1741546695.559763,-1.5586908451915058,8.517595748229873
1741546695.6203704,-1.723342980452948,8.5260106648808
1741546695.6634974,-1.8353004864626208,8.531823233464918
1741546695.7021592,-1.948646173660919,8.537845100513248
1741546695.7376716,-2.034440431130543,8.542015448880015
1741546695.7640707,-2.120825992561709,8.545439020166489
1741546695.7963338,-2.2077134144973733,8.548341905012851
1741546695.8217793,-2.2950259284931236,8.550985782376076
1741546695.853118,-2.3826938660624233,8.553782210003742
1741546695.8899236,-2.500063190375824,8.55744156713955
1741546695.9216688,-2.588386963347895,8.560405548920908
1741546695.9695618,-2.7360671577595386,8.565424480351496
1741546696.0021741,-2.824916037284732,8.568392465934865
1741546696.0297368,-2.9139031678925202,8.57169069903922
1741546696.0653582,-3.00302086545024,8.574959665603524
1741546696.1010578,-3.122030295863969,8.578903988151655
1741546696.129175,-3.211394961420287,8.581911425110142
1741546696.1865046,-3.3903867083372696,8.586741801920251
1741546696.2092392,-3.450117691507363,8.587913346214133
1741546696.2405114,-3.539763149236393,8.589401073228679
1741546696.2696345,-3.6294605860581486,8.590512096555095
1741546696.2930324,-3.689283733592702,8.591051245012121
1741546696.320212,-3.7790505284244373,8.591558160261126
1741546696.3434072,-3.8389136871481577,8.591686929653422
1741546696.3695796,-3.928731927486317,8.591567866049727
1741546696.400155,-4.018574835606239,8.591411420489939
1741546696.4231598,-4.078482256387593,8.591414544071002
1741546696.445468,-4.138398054063001,8.591255070820512
1741546696.47222,-4.228285659621496,8.590880950827898
1741546696.4962666,-4.288219736167164,8.590782576756071
1741546696.5265887,-4.408105643916981,8.590944697713475
1741546696.559893,-4.498032495239127,8.59139553126591
1741546696.5904303,-4.587966867206847,8.592176225954876
1741546696.613514,-4.647926052063074,8.592877636003003
1741546696.635319,-4.707888615606375,8.593581786485927
1741546696.6728108,-4.827826124702827,8.594659020824633
1741546696.698852,-4.9177859432769155,8.595480284421006
1741546696.7322278,-5.007752241859856,8.596111292454044
1741546696.7956295,-5.187700836608916,8.596483681498722
1741546696.8277242,-5.307673378387244,8.59601848780558
1741546696.8569179,-5.367660186801666,8.595558008712862
1741546696.891053,-5.487634010817561,8.594317929881615
1741546697.126413,-6.207543635892514,8.596574834041244
1741546697.1490333,-6.267529684323155,8.597738082916772
1741546697.1759572,-6.327512641455814,8.599062252915843
1741546697.2086933,-6.447467429215987,8.602194706856096
1741546697.2450647,-6.537423012108282,8.604935789789064
1741546697.2828424,-6.657371098725197,8.608361565330169
1741546697.3001158,-6.717349463154434,8.60992436815096
1741546697.321625,-6.777330729940872,8.611376339319369
1741546697.347427,-6.867304931934258,8.613464137121863
1741546697.3826227,-6.957273407819104,8.615794390061298
1741546697.4039645,-7.0172555678531605,8.617224496676913
1741546697.4284391,-7.107234898869491,8.619101822324586
1741546697.4527373,-7.167224366636081,8.620191433276927
1741546697.4789948,-7.2572128907970095,8.621573222396306
1741546697.501342,-7.317207886441275,8.622309076511083
1741546697.5186002,-7.3772045794410905,8.622894814557434
1741546697.5392356,-7.437202615531073,8.623326927524882
1741546697.5612504,-7.497201609618567,8.623602835696126
1741546697.5833523,-7.5572011053857535,8.623746591945023
1741546697.6121254,-7.647199678569565,8.624162851263668
1741546697.6379747,-7.7371986737551115,8.624478328218789
1741546697.6631258,-7.7971984416985105,8.624489831118227
1741546697.6880877,-7.887197750444574,8.624239983257157
1741546697.7102344,-7.947196601528158,8.62390246334513
1741546697.734822,-8.007194474122956,8.623419640408923
1741546697.7546735,-8.067190970185358,8.62278725257336
1741546697.773047,-8.12718566995208,8.62200179882616
1741546697.7963526,-8.187178140081818,8.621060615174668
1741546697.8177655,-8.247170512981892,8.620112105016231
1741546697.843525,-8.33716200112757,8.61888683668915
1741546697.866739,-8.427154721060688,8.617756296167142
1741546697.8860567,-8.487149504900295,8.616972822195542
1741546697.9017541,-8.517147482155407,8.616627604482922
1741546697.9223673,-8.577144624048277,8.616049323234831
1741546697.9417193,-8.637142894466763,8.615602507229648
1741546697.9595978,-8.69714202810378,8.615291705115258
1741546697.9804754,-8.757141732852881,8.615122775146528
1741546698.003221,-8.81714167506405,8.615101033763827
1741546698.0251215,-8.877141484366579,8.615230731670117
1741546698.0420954,-8.93714076327788,8.615515057400684
1741546698.0575202,-8.967140024825513,8.615722697253938
1741546698.0761206,-9.027138830790163,8.616092703352733
1741546698.0955777,-9.087138228375531,8.616351473792694
1741546698.1110232,-9.14713797557536,8.616510475450427
1741546698.124956,-9.177137871085263,8.616583418846767
1741546698.1427863,-9.237137286445693,8.616841629836593
1741546698.1610658,-9.297137108991304,8.616974838137777
1741546698.1787233,-9.35713708226986,8.616974912020403
1741546698.1964593,-9.387137019135162,8.61691912834138
1741546698.2105517,-9.447136649952586,8.616720464560283
1741546698.2259774,-9.47713629253232,8.616576148009605
1741546698.2446063,-9.537134872653484,8.616166900134077
1741546698.2610548,-9.597132268842852,8.615610473266825
1741546698.2833703,-9.657128070078686,8.614902618777522
1741546698.2992337,-9.717121848432855,8.61404015096591
1741546698.3133245,-9.747117727911832,8.613543447330557
1741546698.3337104,-9.807110204375492,8.61259530968004
1741546698.3521385,-9.867104342317429,8.611758397617463
1741546698.3700306,-9.927099789426942,8.61102124686027
1741546698.3900506,-9.987096447424376,8.610390443498373
1741546698.4061089,-10.047094226480537,8.60987746274545
1741546698.4260163,-10.107092967950384,8.609493489943857
1741546698.4409804,-10.137092600245438,8.609346109488316
1741546698.4542406,-10.167092433300017,8.609247751221053
1741546698.468359,-10.22709231665707,8.609147286032591
1741546698.4817588,-10.257092311123643,8.609146457709457
1741546698.4976308,-10.287092262584423,8.60919723574372
1741546698.513611,-10.347091881973896,8.609401255276708
1741546698.5300126,-10.407090764115512,8.609761897008529
1741546698.5480466,-10.467089605467203,8.610130559181604
1741546698.5647566,-10.497089235965337,8.61027870211569
1741546698.579328,-10.557088866071751,8.610486958558601
1741546698.594975,-10.587088830274343,8.61052086312763
1741546698.6156456,-10.647088277533571,8.610284184375761
1741546698.6289148,-10.707085331628642,8.609694119143265
1741546698.6461356,-10.76708100493531,8.608975771372988
1741546698.6625898,-10.797078240826817,8.608568878126752
1741546698.6799488,-10.857070694460855,8.607618333448954
1741546698.6952002,-10.887065719515483,8.607072279297663
1741546698.7089965,-10.947052935212986,8.605837791581017
1741546698.721259,-10.977042593074803,8.605050890099239
1741546698.7329466,-11.007030333863893,8.604193454989016
1741546698.7475162,-11.06700724221476,8.602529842051347
1741546698.7604601,-11.09699660548274,8.60173113457016
1741546698.775079,-11.126986866758012,8.600966893695745
1741546698.791909,-11.186968576682663,8.599486129134421
1741546698.8077586,-11.246952423887407,8.598094730043222
1741546698.821416,-11.276945061923099,8.597430288107596
1741546698.837859,-11.306938587357463,8.596807193341506
1741546698.8491783,-11.366927171800294,8.595638028397273
1741546698.8607664,-11.396922253042682,8.595094986154832
1741546698.8736951,-11.426918154676287,8.594599333081975
1741546698.8862956,-11.486911392517596,8.593700391390714
1741546698.903505,-11.51690870068585,8.593298795024591
1741546698.915838,-11.546906645919458,8.59294800845126
1741546698.9293616,-11.606903605989473,8.592347034273423
1741546698.9431336,-11.636902565896728,8.59209768845152
1741546698.9547257,-11.666901916238094,8.591900862864359
1741546698.9683497,-11.72690118880586,8.591611840050902
1741546698.980344,-11.756901044450055,8.591520040987083
1741546698.9917753,-11.786901015754959,8.591481573105742
1741546699.0036182,-11.816901009447474,8.59146958746303
1741546699.0153446,-11.846900976606788,8.59151115624123
1741546699.0295277,-11.90690051093318,8.591727224973013
1741546699.0408206,-11.93689897138982,8.592026316302867
1741546699.0525417,-11.966894901437533,8.592517721469974
1741546699.064152,-11.996888391580097,8.593141979737661
1741546699.0774853,-12.026880605589211,8.593825334405594
1741546699.0897343,-12.086862853776658,8.595283414239958
1741546699.1066191,-12.146840438595513,8.596921805245612
1741546699.1171272,-12.146840438595513,8.596921805245612
1741546699.1305246,-12.206816773938032,8.598606254067729
1741546699.1409771,-12.2368055608982,8.599426337912641
1741546699.154277,-12.266795154655094,8.600216364152677
1741546699.1669955,-12.32677536193079,8.601756877325808
1741546699.1808157,-12.356766062465772,8.602503696286263
1741546699.1977098,-12.386757650954975,8.603213959895156
1741546699.2108438,-12.446742307715716,8.604569921114344
1741546699.226351,-12.506729494975776,8.605808736459698
1741546699.2397058,-12.536723921522285,8.60638682459702
1741546699.2576685,-12.566719444705202,8.606904656416207
1741546699.2700634,-12.626713720585919,8.607729538144826
1741546699.2838085,-12.656712246080458,8.608025225175968
1741546699.2982533,-12.716711568337118,8.608288076411402
1741546699.5400794,-13.403645796158079,8.437593796125483
1741546699.5573978,-13.428169124315442,8.420315943892927
1741546699.5914962,-13.520101916400948,8.343328157823928
1741546699.6119716,-13.562004477483947,8.300399705458476
1741546699.622961,-13.581846463747848,8.27790057858631
1741546699.6340594,-13.600931401813375,8.254755810118963
1741546699.6467354,-13.636701117560023,8.206597799865046
1741546699.6581638,-13.65334379737609,8.181639116872525
1741546699.6718395,-13.66914743190763,8.15614088338907
1741546699.6840758,-13.684070816822118,8.130117680290937
1741546699.6942554,-13.698120092254479,8.103612350113695
1741546699.7068744,-13.72348529483771,8.049249981821253
1741546699.717699,-13.72348529483771,8.049249981821253
1741546699.728415,-13.74512614747121,7.993300600835475
1741546699.7401905,-13.754511701323032,7.964808045540397
1741546699.7506664,-13.762943085005217,7.936018702309819
1741546699.761715,-13.77038473957089,7.906957799386671
1741546699.772953,-13.77685423251032,7.877665135567784
1741546699.7839801,-13.782317811750087,7.848168295310378
1741546699.7960997,-13.786795710075335,7.818505812198534
1741546699.8083446,-13.792721873287688,7.75881042767325
1741546699.819212,-13.7941632374713,7.728846503826769
1741546699.830193,-13.79460732092043,7.699326729073902
1741546699.8421543,-13.794018622539602,7.670262646230224
1741546699.8525667,-13.792422965867745,7.6411919936771495
1741546699.8670647,-13.786314745032358,7.583168493959974
1741546699.8802276,-13.781721173800328,7.554297144337018
1741546699.8960464,-13.776133787015205,7.525564503055162
1741546699.9115744,-13.761990575480228,7.468660034039372
1741546699.9272468,-13.744007095721567,7.4127178526336035
1741546699.9408789,-13.733604679203143,7.3851894440975885
1741546699.9585462,-13.71023219963525,7.331091614637343
1741546699.9744728,-13.697410934888403,7.30451642529203
1741546699.9926574,-13.669835486789799,7.25226829558565
1741546700.0064538,-13.640390938027625,7.201509855751196
1741546700.0203645,-13.625738193611982,7.177464816048189
1741546700.0336914,-13.611316557547486,7.154394617311152
1741546700.0481076,-13.583379931251782,7.11105832030848
1741546700.0628188,-13.569552310976206,7.0902877853936905
1741546700.0805569,-13.54093069876167,7.048544446822181
1741546700.0946085,-13.526320074344204,7.027476009075771
1741546700.1090288,-13.496908466828085,6.9847267343547195
1741546700.1229367,-13.482612579572622,6.96341268586456
1741546700.1350706,-13.468779819745524,6.942225160020488
1741546700.1479044,-13.443045816814207,6.9006082626615886
1741546700.163881,-13.431526260864947,6.880654828040067
1741546700.1758456,-13.420829610252788,6.861328542193457
1741546700.189068,-13.4009005630446,6.82208807691389
1741546700.2045395,-13.39137634331809,6.801622952474731
1741546700.222481,-13.373357430092021,6.759098399554075
1741546700.2351933,-13.364969323031287,6.737058085764155
1741546700.2487724,-13.349490345389551,6.69155672105652
1741546700.2623358,-13.342717243191757,6.668694629664736
1741546700.2746599,-13.336623800387159,6.645970775694222
1741546700.2968352,-13.32622601129567,6.601710813206407
1741546700.3103285,-13.318236504614683,6.558775787875098
1741546700.3244607,-13.31517682583062,6.538256010235881
1741546700.3361897,-13.312679602779303,6.517906496802216
1741546700.3505046,-13.309244528319914,6.4763986121167125
1741546700.363564,-13.308355464443451,6.45667096871671
1741546700.3759742,-13.308030191922322,6.4378079073983825
1741546700.3902874,-13.30865734503471,6.4021495450178305
1741546700.4036384,-13.309530253912065,6.384599881733037
1741546700.418689,-13.312216365549276,6.34781038041498
1741546700.4349313,-13.313867125434514,6.328619616826088
1741546700.448059,-13.317511474974788,6.28875501785109
1741546700.4604251,-13.319417676506017,6.268121082020633
1741546700.474005,-13.321325973907513,6.247044323750127
1741546700.4852648,-13.323196772559925,6.2255423948857045
1741546700.5004563,-13.32681328794964,6.181342155050079
1741546700.514591,-13.328573078120728,6.158682753153393
1741546700.5286863,-13.331918777449548,6.112327130732223
1741546700.5454845,-13.333526907811226,6.088665216120043
1741546700.557715,-13.335117341583292,6.064702657406573
1741546700.5743887,-13.338059055851202,6.015920776251592
1741546700.5906074,-13.340283772239674,5.966067233264473
1741546700.6043034,-13.34100586655424,5.940768532681568
1741546700.6155694,-13.34148843468135,5.9152410288230515
1741546700.6282372,-13.341720657395182,5.86355056883171
1741546700.6404173,-13.341583983858095,5.837411266888347
1741546700.6524808,-13.341360375471295,5.811088982829027
1741546700.664963,-13.34110698899054,5.784592125393613
1741546700.6759226,-13.340855658094744,5.757928725794829
1741546700.687497,-13.340267087416992,5.704134524407719
1741546700.7003677,-13.339893980606774,5.677018991380886
1741546700.7115426,-13.339404373150414,5.649768255262695
1741546700.7241998,-13.3388511146166,5.622388177956344
1741546700.7388387,-13.337660239798938,5.567262703462886
1741546700.7502005,-13.337041500070208,5.53952845653588
1741546700.7623465,-13.336490913666704,5.511685357024909
1741546700.7743363,-13.336047738752084,5.483738025066777
1741546700.7872877,-13.335425186107729,5.428073020365563
1741546700.8027363,-13.335249138946661,5.400860892226564
1741546700.8160622,-13.335172320176829,5.3735157673831715
1741546700.829674,-13.335129626583068,5.318452598529014
1741546700.8436086,-13.335178041489952,5.290746432696261
1741546700.8558176,-13.335339573523969,5.262931624165018
1741546700.867196,-13.335799644964942,5.206996226787942
1741546700.8812203,-13.336108568111188,5.178885583902274
1741546700.894125,-13.336535527784182,5.1506867177070035
1741546700.907389,-13.33768207139841,5.094041829424532
1741546700.92049,-13.338400237857835,5.065604330079952
1741546700.930603,-13.339232782254644,5.0370960532588525
1741546700.941158,-13.34012927470895,5.00851931433881
1741546700.9527595,-13.341020887837908,4.9798753837223675
1741546700.9638214,-13.341843241042271,4.951165546393586
1741546700.9763224,-13.342533882733624,4.922391458411061
1741546700.9887936,-13.343468744213805,4.864663412157073
1741546701.0019984,-13.343844367318303,4.835717874699501
1741546701.0161462,-13.344247441941839,4.806722682398481
1741546701.029133,-13.345204882127442,4.748593911358567
1741546701.0425892,-13.345767609659674,4.7194651170722475
1741546701.055691,-13.346443450160967,4.6902975485830405
1741546701.0665126,-13.348061933206019,4.631853486189675
1741546701.0805066,-13.349002598977918,4.602581074424628
1741546701.0923953,-13.350050066758422,4.573278391069377
1741546701.102768,-13.351160683596463,4.544437344207935
1741546701.1138487,-13.352381968282183,4.516552694282471
1741546701.1268034,-13.355317166614357,4.461518308218649
1741546701.14105,-13.356947123374296,4.433836986908958
1741546701.154823,-13.358700046488163,4.406054993252888
1741546701.1783438,-13.364610517250991,4.322153909547397
1741546701.1921577,-13.366816708241,4.294020107511016
1741546701.213424,-13.371412138026924,4.237516437913361
1741546701.4363215,-13.422188000584267,3.6008147262425996
1741546701.44967,-13.42615195241448,3.5419761479354364
1741546701.4647691,-13.428073933728015,3.5125164340089587
1741546701.481167,-13.431822672048844,3.4535237004532653
1741546701.496632,-13.433648811553251,3.42399281723357
1741546701.511883,-13.43720225108982,3.3648669775587847
1741546701.526681,-13.44084105662752,3.3056749464205524
1741546701.5425763,-13.442597537876823,3.2760504593764024
1741546701.5548017,-13.444327109069416,3.2464089804927254
1741546701.568373,-13.447660690569862,3.1870755122068526
1741546701.5813704,-13.449266637348794,3.157385123249347
1741546701.5948384,-13.45085025124232,3.127680858486914
1741546701.6088073,-13.453896364965239,3.0682303584439845
1741546701.622592,-13.455332525106607,3.038484098576805
1741546701.6345017,-13.456621494063748,3.008720698773883
1741546701.6469975,-13.458692889947832,2.9491449150293776
1741546701.660697,-13.459607391064775,2.9193392265738383
1741546701.672507,-13.460531515613567,2.8895252597380447
1741546701.6856651,-13.461502074853215,2.8597045991601835
1741546701.6977415,-13.46248243924719,2.8298764772657674
1741546701.7126305,-13.464484921926921,2.770199748195911
1741546701.7258387,-13.465407648260667,2.7403486004695456
1741546701.7376637,-13.466321780210036,2.7104907825945124
1741546701.7552974,-13.468217977418401,2.650759263979042
1741546701.767179,-13.46997817009913,2.5910014406561213
1741546701.7804675,-13.470929729575909,2.5611170792953177
1741546701.7958646,-13.471996378042489,2.5312318222923653
1741546701.8091574,-13.474401559644676,2.4714582783617205
1741546701.8222713,-13.475738374969811,2.441570860063408
1741546701.8424253,-13.47871477703706,2.381798773450393
1741546701.8548052,-13.480359190203224,2.3519154422207005
1741546701.867677,-13.483946192897388,2.29215600657876
1741546701.8805869,-13.485867622523406,2.2622794596357454
1741546701.8919833,-13.487813938872836,2.2324015837261153
1741546701.907859,-13.49185772234502,2.17264760851427
1741546701.919738,-13.493960212755416,2.1427723029567676
1741546701.9319394,-13.496099434089189,2.1128971832405252
1741546701.9462416,-13.500690016904981,2.053163487041431
1741546701.9571235,-13.500690016904981,2.053163487041431
1741546701.9724808,-13.505593319274238,1.9934460849001552
1741546701.9875228,-13.510518039340642,1.9351343416262157
1741546701.998773,-13.512906963537132,1.9061530124946453
1741546702.0129313,-13.515199817523472,1.877120023541532
1741546702.0235307,-13.517453764079532,1.8480421698113154
1741546702.0359316,-13.51967993060477,1.8194186980494589
1741546702.0471473,-13.523890032354405,1.7644728475508251
1741546702.0579393,-13.525925847348548,1.7370742897506677
1741546702.069518,-13.527862779025217,1.7095481586536534
1741546702.0801194,-13.529753111149411,1.68190411130805
1741546702.0921311,-13.531641117696068,1.6541506972245297
1741546702.1046927,-13.533496091020751,1.6262910501564578
1741546702.1160884,-13.535340300221531,1.598331632795623
1741546702.1269727,-13.53893624636334,1.5421282628352815
1741546702.1394885,-13.540685114314396,1.51389299390172
1741546702.15053,-13.54241728668436,1.4855752034258036
1741546702.1628213,-13.544106113639605,1.4571771855441547
1741546702.1749833,-13.54577706998118,1.4287041948072967
1741546702.185461,-13.54740361888809,1.40015823884454
1741546702.1979873,-13.54901145248947,1.3715441787743339
1741546702.2093806,-13.552142405502877,1.314122847391425
1741546702.2199981,-13.553786222156697,1.2853282322136463
1741546702.240119,-13.557361701394113,1.2275932133886225
1741546702.2518315,-13.559151607713538,1.199150319370775
1741546702.2637084,-13.560919659891333,1.1716589574733993
1741546702.2755005,-13.562596470979212,1.1451147153985535
1741546702.287146,-13.565610615571819,1.0925935753721272
1741546702.3300714,-13.570453480816353,0.9854926105208922
1741546702.3701758,-13.575704314489336,0.8766791703615004
1741546702.4110806,-13.580413195713062,0.7775852843746668
1741546702.4567573,-13.581967969859742,0.679438612704587
1741546702.493373,-13.577063588028269,0.5775503830546959
1741546702.5328517,-13.562000118268639,0.47347058432275796
1741546702.5662055,-13.535210323516473,0.3690722429326809
1741546702.6071436,-13.496424859031166,0.26621096472468686
1741546702.64367,-13.459346637069622,0.19123165689180502
1741546702.676452,-13.415475087445868,0.11900679699286447
1741546702.711418,-13.346663815042822,0.02839138218269194
1741546702.7511265,-13.266684579674035,-0.054056803783649326
1741546702.7846682,-13.199933142695418,-0.10949308939321563
1741546702.820184,-13.102965036337899,-0.17375716034258412
1741546702.851102,-13.025239750552156,-0.21436840524002554
1741546702.8917139,-12.922659763853131,-0.25423407819458355
1741546702.9278474,-12.817982105911236,-0.27916285284171677
1741546702.9611235,-12.7363514014169,-0.28868090154661796
1741546703.001151,-12.625174545606054,-0.2894732566448286
1741546703.0367427,-12.54099902183692,-0.2826462706617489
1741546703.0652277,-12.456549354352422,-0.27127643064085466
1741546703.0994225,-12.343590563925318,-0.25185310156408947
1741546703.1336367,-12.258487955764064,-0.23582097692396858
1741546703.168556,-12.144577060343895,-0.21300128333250187
1741546703.2033355,-12.058701985136652,-0.19579271026426334
1741546703.233443,-11.972535945619589,-0.17836369720153908
1741546703.2624795,-11.885990133482972,-0.1613914763266932
1741546703.2996137,-11.769856847438652,-0.14066560746514978
1741546703.3329031,-11.682419275870853,-0.12565512414084778
1741546703.3606677,-11.59473569495699,-0.11105350558262228
1741546703.3928132,-11.506755439904778,-0.09734724504277024
1741546703.4236536,-11.418567579072734,-0.08413417947966233
1741546703.4586961,-11.300827065799863,-0.06640036742590258
1741546703.4943335,-11.212240916411167,-0.054287757622005585
1741546703.5293972,-11.09385022838255,-0.03928695265719272
1741546703.560078,-11.004855765829259,-0.02905150934501112
1741546703.598345,-10.88602325446777,-0.01616758200877406
1741546703.6252687,-10.826543698473627,-0.010016322206115296
1741546703.6588871,-10.707472144545381,0.0017170768953558096
1741546703.6846976,-10.647883640723585,0.007286827406565084
1741546703.7193499,-10.528554046958641,0.01715245983993408
1741546703.756927,-10.43897882286427,0.02396763321892241
1741546703.791475,-10.31952260268821,0.03321195944091421
1741546703.8260043,-10.229911510363532,0.04018448206888521
1741546703.859407,-10.110284254377316,0.047743963013572616
1741546703.8981433,-9.990602499133477,0.05481979112106156
1741546703.9286015,-9.900825011199947,0.060071624995373156
1741546703.957579,-9.840975202978854,0.06369333674351645
1741546703.9999707,-9.69135365981019,0.07305199460650239
1741546704.040406,-9.571617198884077,0.08011665203841925
1741546704.0890045,-9.421893799070764,0.08825347793808327
1741546704.118881,-9.332039353416311,0.09286331694872914
1741546704.1586597,-9.21224013811212,0.09924690970255061
1741546704.194134,-9.122370826728758,0.10371882145769067
1741546704.2244554,-9.032483468314966,0.10786975353694161
1741546704.2617342,-8.91261533866898,0.11307389755560308
1741546704.2907383,-8.822721848977125,0.11719754670641969
1741546704.3304336,-8.702880209719144,0.12309154021250798
1741546704.3619862,-8.61300662755805,0.12769618340832403
1741546704.3911984,-8.523120031510427,0.1320635993713581
1741546704.4283621,-8.403288068219068,0.1382523779701505
1741546704.4588273,-8.313404882747193,0.14273182758121772
1741546704.4941049,-8.223508181231919,0.14694656749278545
1741546704.5353196,-8.10363832859075,0.15242203339671917
1741546704.5703654,-7.983775384253248,0.15806525470581725
1741546704.6073263,-7.863880709425236,0.16299720503935247
1741546704.6349075,-7.803913054294379,0.16491712069353173
1741546704.667184,-7.683958372952953,0.16811613787764262
1741546704.711521,-7.5639945316130675,0.17097269107226049
1741546704.7479897,-7.444031100586937,0.17385735999860538
1741546704.782624,-7.354048878175579,0.17558698640882056
1741546704.8075428,-7.264061022387973,0.17700298515534332
1741546704.8308284,-7.204066363451898,0.17775953314550197
1741546704.855386,-7.144069948003952,0.17836597483803412
1741546704.8839016,-7.054073909404392,0.17913118769207154
1741546704.9173067,-6.964077281643147,0.17983300590623152
1741546704.951815,-6.844083771681011,0.18100949136875064
1741546704.9841137,-6.754090231904607,0.18204827261900366
1741546705.0106022,-6.664093935679331,0.18282088473126012
1741546705.0444193,-6.574099859198324,0.18382146236058727
1741546705.0720534,-6.48410565613489,0.1848154884763636
1741546705.1052482,-6.3941139679925145,0.1860175750878275
1741546705.135699,-6.304121934164182,0.18719567353715533
1741546705.1628125,-6.214126431712597,0.1880738881013525
1741546705.192653,-6.124131452920842,0.18900454427498586
1741546705.2257278,-6.034140157910708,0.19024398379807483
1741546705.2565784,-5.944148190697147,0.19143353288881515
1741546705.2913501,-5.824153650141186,0.1925566930146836
1741546705.3187454,-5.734156164714768,0.19321272065977074
1741546705.3711205,-5.584165966683871,0.19490400053798868
1741546705.4135988,-5.464181259924521,0.19680978531686608
1741546705.4374917,-5.404191951469163,0.19794046874996665
1741546705.4634993,-5.3142040388498435,0.199410709959295
1741546705.4927163,-5.224212612349914,0.2006479078846119
1741546705.520459,-5.134217818145306,0.20160909194391222
1741546705.59885,-4.894221547961999,0.202826875446602
1741546705.6298554,-4.8042229794754725,0.20332569682077653
1741546705.6627164,-4.714226152837339,0.20407537933048617
1741546705.6954918,-4.624231816451092,0.20507988111893324
1741546705.7282953,-4.504245370997202,0.20687756885087497
1741546705.7641754,-4.4142558067205275,0.2082436898959773
1741546705.7972188,-4.324271467838434,0.20992006462867585
1741546705.823609,-4.234284069632095,0.21142335825161812
1741546705.8574827,-4.144293312598925,0.2127110157096368
1741546705.8913453,-4.024311527851404,0.2147961227391804
1741546705.9206634,-3.934331690031599,0.21669876646539718
1741546705.949693,-3.8443576115390226,0.21885717600522311
1741546705.9867287,-3.7243854358689137,0.22143773684723325
1741546706.01328,-3.6643964356940053,0.22258608263617558
1741546706.0454297,-3.5744186626819077,0.2245837391928755
1741546706.0768533,-3.4844406243180606,0.22656988441049639
1741546706.106408,-3.364476923854116,0.22951841393717792
1741546706.1361036,-3.3044932097158024,0.23091581264097844
1741546706.1588838,-3.2145123784016456,0.2327711816740746
1741546706.1853848,-3.1545222748224315,0.23385959364614733
1741546706.2210186,-3.0345454199520607,0.23620995343179968
1741546706.2837691,-2.854600315269244,0.24064234669609028
1741546706.3087265,-2.7646393465548362,0.24329083488960682
1741546706.3328404,-2.7046710584772087,0.24524096060754927
1741546706.3550653,-2.6447069333726465,0.24731529164541144
1741546706.3786118,-2.5547537417859374,0.25021651469818335
1741546706.407464,-2.4647936905926127,0.25289666443564146
1741546706.4367783,-2.4048123940487605,0.2543889744927129
1741546706.4587018,-2.314825706076767,0.25592048936538925
1741546706.4798548,-2.2548309235384876,0.25670969337100474
1741546706.501694,-2.194836048525062,0.2574922738542678
1741546706.5345595,-2.104845716578559,0.25881007439426046
1741546706.565506,-2.0148489666224476,0.2595290636080422
1741546706.593483,-1.9248494559471307,0.25980860932400734
1741546706.6321824,-1.8048496438083825,0.2596595034960046
1741546706.6657526,-1.7148498662580525,0.2594910757446842
1741546706.6958075,-1.624851465772065,0.25896567505611523
1741546706.7336128,-1.5048577469429216,0.25774614346055985
1741546706.7541559,-1.44486063080296,0.2571587689922772
1741546706.7744489,-1.3848652462967375,0.2564157282382317
1741546706.801515,-1.294876349002332,0.25500581018526103
1741546706.8242724,-1.2348841980310648,0.25403695201927623
1741546706.851025,-1.1448927190744878,0.2528010550886828
1741546706.872062,-1.084896603792438,0.2521189424377513
1741546706.9002264,-0.994901587087471,0.2511764084793411
1741546706.9520137,-0.8449137197739518,0.24927480537842728
1741546706.9825916,-0.7549231708802975,0.2479738763686756
1741546707.0078652,-0.6649366022765157,0.24642078937662942
1741546707.0294776,-0.604943886101621,0.2454865163681536
1741546707.0534098,-0.5449497553040902,0.24464788270076865
1741546707.074965,-0.4849574305309537,0.24368869082022984
1741546707.1109028,-0.36496771634210423,0.2421223527695252
1741546707.1357934,-0.30497396904701385,0.24125687779114158
1741546707.160733,-0.21498723537680012,0.23971407739088124
1741546707.1917396,-0.12500494679121157,0.23793014235760393
1741546707.2297704,-0.005023090215633828,0.23584662297917197
1741546707.2560515,0.05496601571527818,0.23470394983007328
1741546707.2904572,0.17493558219359923,0.2320056113932365
1741546707.3085697,0.23491621867139462,0.23048166445525825
1741546707.3499055,0.3548860900220039,0.22779602633612636
1741546707.55231,0.9545989748255566,0.209671060548791
1741546707.5792694,1.0445104154336866,0.20568094554975283
1741546707.5987732,1.1044424531681474,0.20282663636660042
1741546707.6204417,1.1643666538731374,0.19981227518331793
1741546707.6434565,1.224282557956337,0.19663727523363042
1741546707.6658669,1.2841978934051765,0.19345138993614452
1741546707.6874003,1.374080949783286,0.1888654421126501
1741546707.708283,1.4340094610795173,0.1859375152116802
1741546707.7329447,1.493943286357467,0.18312048315436436
1741546707.754103,1.5538815929625058,0.1804004555893146
1741546707.7799547,1.6437845934000173,0.17622417251255632
1741546707.8048458,1.7037279618599788,0.1736185534519254
1741546707.826644,1.7636773726907027,0.17115583964685868
1741546707.9540648,2.153422096447224,0.1570698698878962
1741546707.9771054,2.2133737012234267,0.15466069177199593
1741546707.9963827,2.2733201650650785,0.15212684564620305
1741546708.0147998,2.3332619377935395,0.14948429739139937
1741546708.035132,2.393208892571572,0.14696207567008346
1741546708.051576,2.4531605000166765,0.1445529377620439
1741546708.0706227,2.5131154136147376,0.1422275595739027
1741546708.0948508,2.573064500370592,0.13975660445712274
1741546708.114374,2.633009027926452,0.13717732020102794
1741546708.140295,2.722936687928345,0.1335708081692776
1741546708.190705,2.872839884884743,0.12818809227954703
1741546708.209762,2.9328137419117355,0.1264223648426429
1741546708.2309368,2.9927983663673383,0.12507041975552527
1741546708.2501128,3.0527908026329533,0.1241270001718365
1741546708.265269,3.0827887833288665,0.12377914015696247
1741546708.285818,3.1427857788779914,0.12318205869191305
1741546708.3040388,3.20278428930359,0.12276502482750085
1741546708.3232574,3.2627838243926974,0.12253952901866892
1741546708.3443758,3.322783695586811,0.12241635171460809
1741546708.3628237,3.382783418792736,0.12223773072509134
1741546708.3842945,3.4427834004856273,0.12224116947439857
1741546708.404047,3.5027831304389303,0.12241648725320535
1741546708.42363,3.5627821937827497,0.12274947569582725
1741546708.4462373,3.652779854885794,0.12339348132066841
1741546708.4684188,3.7127791011631124,0.12369057389935265
1741546708.4853582,3.7427788725278375,0.12380705543748087
1741546708.5036292,3.802778703119357,0.12394671048990621
