1741545717.185739,0.0,0.0
1741545717.195637,0.0,0.0
1741545717.2240906,0.0,0.0
1741545717.2484033,0.0,0.0
1741545717.2938058,0.0051116249589747455,-4.930992150026117e-07
1741545717.319544,0.018663358946370483,6.468071746984211e-06
1741545717.3404837,0.03234128367590178,9.283577533142335e-05
1741545717.3651648,0.049389869567021426,0.0003252970099894728
1741545717.381262,0.06949674320803496,0.0006332708499415909
1741545717.4011953,0.09238058853992046,0.0007782955786856036
1741545717.4281385,0.11778014433221952,0.0010983194009223855
1741545717.4472482,0.14546190398756495,0.0015448214863751542
1741545717.469846,0.19081109818721512,0.0020135917894077227
1741545717.6721592,0.5734633307519954,0.008519920785796869
1741545717.706342,0.6387716058835147,0.010250883162493908
1741545717.7302778,0.7053886163503449,0.012213461282167644
1741545717.7536066,0.7504376390116663,0.013642531768243987
1741545717.7847178,0.8188508241334164,0.01594681332295605
1741545717.8071055,0.8649661542845339,0.01736508951940662
1741545717.832711,0.9348078843714126,0.019264977880594097
1741545718.0822608,1.5366593773102897,0.03359506977924595
1741545718.100605,1.5857610842165941,0.03409670619858117
1741545718.1260948,1.634946938683126,0.03449004141480028
1741545718.1480346,1.684208983563448,0.034774262209028066
1741545718.169621,1.7335398762595253,0.0349741798328992
1741545718.1924794,1.8076491805410186,0.03554244359024206
1741545718.2172396,1.8571222595189922,0.0360659459980197
1741545718.2347538,1.9066427385066858,0.036697722981261616
1741545718.255234,1.956205877479316,0.037436909594598264
1741545718.279379,2.0306217518288383,0.03871725510327649
1741545718.298362,2.0802778545304044,0.039476864339232344
1741545718.3207734,2.1299632169671665,0.040364829167259
1741545718.3397167,2.1796746432959404,0.04137908198204539
1741545718.3696144,2.22940940922132,0.04250912381897974
1741545718.3910751,2.2791649260050657,0.04375185350492472
1741545718.4162374,2.3538356196320542,0.045685743010593124
1741545718.4368763,2.403639919563571,0.0469563334729508
1741545718.4561875,2.4534611108131306,0.04821810347356992
1741545718.484888,2.528225856539109,0.04990017838587356
1741545718.506421,2.578082832428641,0.05113978147350479
1741545718.529067,2.6279489907294105,0.05248256440756823
1741545718.5468075,2.6778288333137352,0.053711559202657556
1741545718.568521,2.727715124049104,0.05506795777719933
1741545718.5942125,2.802558388905917,0.05719098625179366
1741545718.6444585,2.927328394841051,0.06092560257817283
1741545718.6662729,2.9772415097011526,0.06260816342540629
1741545718.6821785,3.0271646459872548,0.06414858728780735
1741545718.6995828,3.0770957015076537,0.06558902164275353
1741545718.7183225,3.1270277210921984,0.06714637000914714
1741545718.7338169,3.1519968676127172,0.06787226545020679
1741545718.7532866,3.2019403322644755,0.06924126421195038
1741545718.7751958,3.251890353478139,0.07049412091165752
1741545718.793733,3.3018426086564046,0.07178351593286458
1741545718.811441,3.351793859193848,0.0732161608967685
1741545718.8310719,3.401744230025004,0.07476606568538631
1741545718.8494089,3.426719231760377,0.07557560540704973
1741545718.864183,3.47666860176587,0.07726410576209539
1741545718.89092,3.5516005307968452,0.07967174936386683
1741545718.9108844,3.6015521425648185,0.08143320124324159
1741545718.9259603,3.626527189515006,0.08235228285651655
1741545718.9510324,3.701446981926459,0.08530728884925329
1741545718.9682765,3.726419034907817,0.08633949510212381
1741545718.9849308,3.7763610377544183,0.08847595908698944
1741545719.004159,3.826310026073677,0.09047111396744181
1741545719.02125,3.8762638916483505,0.09236777918242191
1741545719.0385444,3.926213022832384,0.09440836325734946
1741545719.0622072,3.9761575291854854,0.09657899869697262
1741545719.0826745,4.026097647626866,0.09886535638139735
1741545719.1012895,4.076033228358866,0.10126345230852773
1741545719.127028,4.125963974917218,0.10377289853776603
1741545719.149251,4.175889545203758,0.10639434305629429
1741545719.1681585,4.225809590840054,0.10912856837833358
1741545719.1831994,4.275725227069588,0.11195056945515697
1741545719.2036805,4.325649011983333,0.1146325386022352
1741545719.2202392,4.375579656503302,0.1171913438749883
1741545719.235755,4.400547533662576,0.1184226515284505
1741545719.2489102,4.425516148672243,0.11964064376802229
1741545719.2661495,4.475458097825004,0.12198291589088343
1741545719.282208,4.52540528984513,0.12421713343937117
1741545719.3003495,4.575356437928274,0.12636722499127315
1741545719.316009,4.600329415058025,0.1275030129243891
1741545719.3356326,4.650278242178041,0.12971374196263857
1741545719.3520625,4.70022685730356,0.13193395595991503
1741545719.3677611,4.725199204702652,0.13308918042668041
1741545719.3837821,4.7751392138025786,0.1355014880833416
1741545719.4087622,4.825073906537737,0.13802468811697033
1741545719.4261124,4.875003121048187,0.1406568709582033
1741545719.4395814,4.9249279654173295,0.14337312418438533
1741545719.4583957,4.974859175017004,0.14597208447110016
1741545719.477582,4.999821947317046,0.14732566683727039
1741545719.5006955,5.074717702410889,0.15124874243553638
1741545719.516581,5.099686766733292,0.15248281888621193
1741545719.533743,5.149628402402732,0.15487995033996083
1741545719.551802,5.199575251272588,0.15716760868431412
1741545719.5652525,5.22455025348452,0.1582772527379452
1741545719.5855596,5.274504478467805,0.16040054498922102
1741545719.6018083,5.3244633641788655,0.16241271608545652
1741545719.6179714,5.374426701888031,0.16431259541523488
1741545719.6377306,5.399411108357291,0.16518771376183833
1741545719.656843,5.449388811144552,0.16666335334153373
1741545719.6718957,5.499365047326544,0.16818924579444133
1741545719.69064,5.549336437615256,0.16986812707919222
1741545719.7040913,5.5743208555749515,0.17074545607489838
1741545719.72049,5.624286314452435,0.17259441717333981
1741545719.7366178,5.6492673018955495,0.17356515613053972
1741545719.7504258,5.699226682666313,0.17557242470810502
1741545719.7644715,5.724205028211079,0.17660943043135208
1741545719.781327,5.774157699387082,0.17877849187912662
1741545719.7967098,5.799131913610028,0.17991103602910916
1741545719.81104,5.84907711426499,0.18224619641229597
1741545719.827713,5.874048052994133,0.18344912764516239
1741545719.8443859,5.923985112232992,0.18595324149083692
1741545719.8608341,5.973916363398308,0.1885709414521872
1741545719.8764524,5.998879352659058,0.18992927438842047
1741545719.890506,6.023841520594457,0.19130268834421255
1741545719.9094105,6.073761759967948,0.19412312158404138
1741545719.9278023,6.123688309418597,0.1968297948347447
1741545719.944947,6.173607580913776,0.1996676853185706
1741545719.9590127,6.223520180457153,0.2026209237650939
1741545719.9764946,6.248476696818312,0.20409397323531356
1741545719.9935913,6.298394375519545,0.20695982814583122
1741545720.0058136,6.3233556419197505,0.20835012632300925
1741545720.0229452,6.373292384766512,0.21085783831086255
1741545720.0351508,6.398271783023554,0.2118706259577899
1741545720.050913,6.448240290862651,0.21364239882847771
1741545720.0711524,6.498210693453316,0.21536034630026102
1741545720.0841866,6.523196727854581,0.21619492358516934
1741545720.1032977,6.57317611388167,0.2176231618649614
1741545720.1160214,6.598168735461488,0.2182294184761847
1741545720.1312504,6.648151428752417,0.2195413715494933
1741545720.1442652,6.673141371154686,0.22024957439486093
1741545720.1569335,6.698130021272977,0.22100202444901593
1741545720.1728609,6.748105198274135,0.22257547179875808
1741545720.189872,6.798077006267721,0.22425263261996417
1741545720.20138,6.823061824273364,0.2251232245083426
1741545720.2139184,6.848045228954663,0.22603349005025386
1741545720.2258072,6.873028155931558,0.22695679436422989
1741545720.2417428,6.922991422766854,0.22887208562619696
1741545720.2591913,6.972964866505662,0.23049518254373413
1741545720.2754123,6.99795511145227,0.23119302935603453
1741545720.2882705,7.0229447661241045,0.23191158385670935
1741545720.300939,7.072920437095728,0.23347022401597584
1741545720.3157287,7.097909776427272,0.23419977959101587
1741545720.3274157,7.122898918935418,0.23493604742155877
1741545720.342534,7.172873356871929,0.23653377174058657
1741545720.354537,7.197858793173809,0.23738665845284423
1741545720.3665276,7.22284458268578,0.23822910338880265
1741545720.3823025,7.27281963343719,0.23980771974218018
1741545720.3945556,7.297805424579115,0.24065016349366394
1741545720.40605,7.322790543720337,0.24151234261745905
1741545720.4173963,7.347774103790124,0.2424185792389206
1741545720.4311326,7.397738508744019,0.24430399260388078
1741545720.4444356,7.422719363527064,0.24528199640657292
1741545720.4574006,7.447697493168358,0.24632692237069706
1741545720.4701738,7.497640327946397,0.24871506948176147
1741545720.4824073,7.5226047489137935,0.25004802001342236
1741545720.4982622,7.547092435000065,0.2513911507754058
1741545720.5098462,7.595206298572193,0.254051122409803
1741545720.5205054,7.618830438222785,0.25538525442890747
1741545720.5323625,7.642020371039363,0.25673884545264747
1741545720.5449674,7.665294748970696,0.25809052061661786
1741545720.5577228,7.712085138592848,0.26071508895864515
1741545720.570733,7.735587856774161,0.2620900305503609
1741545720.5808265,7.759158446424645,0.26349099846094065
1741545720.5965123,7.7827921921792536,0.2649408844045754
1741545720.6073797,7.8064876408552895,0.2664113459434884
1741545720.618752,7.854048774950454,0.26946096317881263
1741545720.6339073,7.877908901747867,0.27103846896580513
1741545720.6443355,7.901819744795724,0.27263286817791904
1741545720.6553328,7.925777068433774,0.2742701611479798
1741545720.6667283,7.949780304764657,0.2759237715888962
1741545720.678305,7.997913756961259,0.27930690978787126
1741545720.690366,8.022046375123248,0.28094167110559365
1741545720.702525,8.04621729527368,0.28258234969281276
1741545720.7142944,8.070421441352659,0.28427582881273605
1741545720.7250922,8.094659157568852,0.2859912835419891
1741545720.7420428,8.143225495077955,0.2895314744663596
1741545720.7541063,8.167551099198803,0.29135361660742726
1741545720.7650654,8.19190440222224,0.2931918441831333
1741545720.7779512,8.24068464161965,0.2969685456009204
1741545720.7913225,8.265108951089827,0.2989067761952306
1741545720.801786,8.28955582835778,0.3008604548260321
1741545720.8135924,8.314019878477545,0.30288157788007125
1741545720.8289032,8.338496135768496,0.3050133834173225
1741545720.8595471,8.436594575281354,0.31357187001866915
1741545720.8784811,8.48574624336177,0.3178823076120754
1741545720.9013498,8.534970007020055,0.32206973253325794
1741545720.9255526,8.584257096268876,0.3261671537764309
1741545720.9488685,8.633566927572232,0.3305838736784162
1741545720.9724677,8.707446388223676,0.33886315049975446
1741545720.995974,8.756523267553339,0.3461273294020203
1741545721.0229692,8.829555570419593,0.36070423800121243
1741545721.053259,8.901298902146323,0.380907659019682
1741545721.0711687,8.948090906794766,0.39775301015234915
1741545721.1007414,9.016373472178202,0.4278734272895572
1741545721.1301541,9.081915629717988,0.46366419278618703
1741545721.1605926,9.144232563243152,0.5048880296183019
1741545721.184249,9.183742423520926,0.5352696924355002
1741545721.213864,9.23961794111479,0.5849593850982371
1741545721.2316368,9.274430442760826,0.6206723687499974
1741545721.4589145,9.501460343437168,1.1368030707562045
1741545721.4854121,9.50424292931436,1.186683364701679
1741545721.5078902,9.504156753447669,1.2366444283702984
1741545721.5340762,9.498643474764533,1.311375367360308
1741545721.56397,9.48720071614576,1.3854446757767833
1741545721.794143,9.34115959364028,1.941315667173206
1741545721.8233068,9.32199774396923,2.0138157123169975
1741545721.8429942,9.309356348142664,2.0621849205488134
1741545721.8706667,9.291076012062272,2.132951498219371
1741545721.8893812,9.285456229642639,2.1548619836185594
1741545721.9054782,9.275222600331453,2.1959940753974285
1741545721.9269888,9.266683419969285,2.233687599312885
1741545721.948562,9.259927288916609,2.268731181817592
1741545721.9671237,9.254773356918992,2.3020656428717983
1741545721.986715,9.25093990200457,2.3346100378015056
1741545722.0108602,9.247024664662327,2.384598986557475
1741545722.0340188,9.245351308905065,2.418028649080782
1741545722.0525398,9.24447259803333,2.452606955411157
1741545722.0729945,9.244094674528997,2.486285566233998
1741545722.0949001,9.244308153571295,2.5211157530782256
1741545722.1169784,9.245121963082553,2.5573462329073036
1741545722.1416426,9.246747398079314,2.6140402735251507
1741545722.1692123,9.248007935115762,2.653234591898107
1741545722.1872616,9.249072914582205,2.6934362787639787
1741545722.2058032,9.249965390834733,2.7345508085193564
1741545722.2221317,9.250799785835369,2.776490761164961
1741545722.2503278,9.252341276729961,2.840774146983097
1741545722.2849712,9.25404880553186,2.906508650201975
1741545722.3244507,9.256566166242184,2.9960736955557694
1741545722.3427336,9.257931803788045,3.041565779089735
1741545722.3635893,9.259150552732116,3.0874787850756804
1741545722.3798559,9.260243594020409,3.1337729972272257
1741545722.395062,9.260743097284918,3.1570518257759916
1741545722.421604,9.262413904564584,3.2273586558670795
1741545722.4380229,9.263705024230616,3.2745841211580604
1741545722.4569983,9.264401289950978,3.2982929757281854
1741545722.474256,9.265864593622814,3.3458884504446167
1741545722.49679,9.267437622970409,3.393701689435356
1741545722.515778,9.269119774756941,3.441711950318226
1741545722.5912783,9.276948966632533,3.6353706969790234
1741545722.6074908,9.278046057810478,3.659729185131142
1741545722.62885,9.280337695071129,3.7085283621088188
1741545722.647129,9.282741917273878,3.757428740390407
1741545722.6637597,9.285233698323177,3.8064214621868517
1741545722.9183073,9.307296605306343,4.449395878618638
1741545722.9361153,9.307766703819299,4.474267853367086
1741545722.952447,9.308635704130968,4.524030431997715
1741545722.968604,9.309034539141669,4.548920457516742
1741545722.9925036,9.310034163344314,4.623622905785294
1741545723.0130298,9.310710711577679,4.673446710929126
1741545723.0298634,9.311096964091501,4.698364001401433
1741545723.0447717,9.311972160654006,4.748208075105625
1741545723.0641954,9.312957100620782,4.798063866396744
1741545723.0828981,9.314023518740614,4.847930466797575
1741545723.1014156,9.314969647700101,4.8978108222435415
1741545723.113635,9.31552152329754,4.9227532793330155
1741545723.1669447,9.319181245971933,5.047476769795292
1741545723.1847863,9.320827437021853,5.097374669516374
1741545723.1983438,9.32258550182279,5.147275714469563
1741545723.212281,9.323514013145576,5.172226852201553
1741545723.227714,9.324457722631939,5.197178922937393
1741545723.2426825,9.32641918927991,5.247084433104156
1741545723.2573235,9.32734069489249,5.272041426052595
1741545723.268683,9.328241729546539,5.297000404649467
1741545723.2850468,9.32996757824399,5.346924530177072
1741545723.3025448,9.331838598278603,5.396847699619248
1741545723.3216631,9.333840546730125,5.446769674855091
1741545723.3357592,9.334917936330456,5.47172880838303
1741545723.353211,9.337346452720071,5.521636973688186
1741545723.369253,9.338590479565395,5.546590769652332
1741545723.3831422,9.341160900509392,5.59649632391514
1741545723.3962326,9.342491862108353,5.621447704952184
1741545723.417122,9.345076279916821,5.67135635530716
1741545723.4304655,9.347521324365301,5.721274313053103
1741545723.4433339,9.34870756175358,5.746235837848873
1741545723.4576783,9.350986257411021,5.796164701709299
1741545723.4699407,9.350986257411021,5.796164701709299
1741545723.4852211,9.353159019129802,5.846100067833661
1741545723.4991772,9.355224568057329,5.896041598195846
1741545723.5103374,9.356209775729551,5.921014844256059
1741545723.52203,9.357180931773938,5.945988989335922
1741545723.5345974,9.358110866801564,5.970965035128945
1741545723.550117,9.359900320392418,6.020920615034557
1741545723.5640712,9.360759564425857,6.045900096822421
1741545723.5778108,9.362405274638906,6.095862314227507
1741545723.5910566,9.363313615976688,6.120840821334467
1741545723.6053498,9.364339063721406,6.145815034095862
1741545723.61825,9.366476717507037,6.195760510579615
1741545723.6305547,9.367447803415693,6.220737533883136
1741545723.642147,9.368297011899607,6.245719195951408
1741545723.6535087,9.36908895613231,6.270702941851521
1741545723.6660967,9.369874252323635,6.295687073271173
1741545723.6783957,9.371360624394564,6.345658406121733
1741545723.6907911,9.372058581235413,6.370645609462141
1741545723.7056396,9.372743117706682,6.395633329010954
1741545723.7170317,9.373386693845767,6.420622275022454
1741545723.7316577,9.374603507931313,6.470602299943882
1741545723.7432306,9.375201991136244,6.4955927409798
1741545723.7549415,9.375854945571582,6.520581931893433
1741545723.766208,9.376528682622638,6.545570680664691
1741545723.7769194,9.377246321088382,6.5705583101288365
1741545723.7878063,9.37797877599306,6.5955456082962245
1741545723.800635,9.379686201974769,6.645512633218141
1741545723.8121703,9.380645075311055,6.6704925360828105
1741545723.8236377,9.381606875216466,6.6954724063907785
1741545723.8391333,9.383610421111072,6.745429230684184
1741545723.849443,9.383610421111072,6.745429230684184
1741545723.8611798,9.385717344259017,6.79538208005895
1741545723.8721523,9.386819030656142,6.820356521488128
1741545723.8824174,9.387935556039466,6.845330364322996
1741545723.8953712,9.389119796061554,6.870301129469832
1741545723.9057274,9.39041555985967,6.89526641227405
1741545723.9159675,9.391763680978048,6.920228990225916
1741545723.9287732,9.393091073356077,6.945192724716836
1741545723.9393625,9.395602676181946,6.995127738333628
1741545723.949875,9.396801695418704,7.020098105455469
1741545723.9625375,9.39798564475138,7.045069233106358
1741545723.973209,9.39912910188695,7.070042286493002
1741545723.9835358,9.400259693254952,7.095015962931846
1741545723.9950366,9.40135063054062,7.119991438212594
1741545724.0139413,9.403466948423317,7.169945292544143
1741545724.0260339,9.404491823450048,7.194923662127704
1741545724.0383117,9.406446635292122,7.244884290002939
1741545724.0487647,9.406446635292122,7.244884290002939
1741545724.059375,9.408291191597225,7.294849215294927
1741545724.0896735,9.4108412901143,7.369804435955196
1741545724.1109717,9.412404391836251,7.419779165201965
1741545724.1409297,9.41454206269892,7.494747576706115
1741545724.1704035,9.415929579428608,7.569732505756128
1741545724.2038903,9.414998207573412,7.644720571581456
1741545724.224082,9.41233378226077,7.6946459371085565
1741545724.2563329,9.404173843943205,7.769182530995863
1741545724.2776935,9.395355663384153,7.8183910963692345
1741545724.3026552,9.376928231005186,7.891068532234543
1741545724.3457446,9.342938936904002,7.985058229911424
1741545724.367802,9.32200772646789,8.030458725484324
1741545724.3913991,9.28584051368618,8.096135518448454
1741545724.4116447,9.258660923204806,8.13809439432918
1741545724.4351873,9.229121189717167,8.178426531618706
1741545724.4545932,9.197315833322886,8.216997203486532
1741545724.4824712,9.145592367552151,8.271275816115041
1741545724.5086834,9.108591318235119,8.304894862945439
1741545724.5392442,9.029103975608868,8.365481767324585
1741545724.56468,8.98688011244258,8.392248646997766
1741545724.5921638,8.920831714907207,8.427732445661663
1741545724.6156802,8.87520769235738,8.4481709398266
1741545724.6465557,8.806569641873518,8.473249277967192
1741545724.6794868,8.71631167646803,8.495794262711513
1741545724.704855,8.669866018587047,8.503056112305808
1741545724.7290316,8.622802770232626,8.507655105466498
1741545724.7467866,8.575305506080257,8.509657127736425
1741545724.7678823,8.52753639853162,8.509469734443003
1741545724.7931778,8.455579175606136,8.506119238903132
1741545724.8152268,8.407464634117582,8.502458288782694
1741545724.859054,8.286667457609282,8.491297380657203
1741545724.879186,8.23810376505248,8.486941106961288
1741545724.902464,8.189413954174437,8.4827027248438
1741545724.93139,8.116169088561524,8.47653870044784
1741545724.9519434,8.06719509202927,8.472789416732454
1741545724.9744582,8.018116967955574,8.469338583462505
1741545724.9923334,7.968970269225081,8.465804446284201
1741545725.0185,7.895147444373679,8.460204842091427
1741545725.0362544,7.870515110561524,8.458267434080806
1741545725.0553453,7.821214998613783,8.454321982605444
1741545725.0806923,7.747165441794039,8.44848190490263
1741545725.1000805,7.697748904458579,8.444521588783658
1741545725.125225,7.648282813812136,8.440687833801135
1741545725.1421814,7.598773589652591,8.436948594910527
1741545725.1613564,7.549240857660232,8.43309124258293
1741545725.1827192,7.4996691304101875,8.42935731851953
1741545725.207629,7.450063506327795,8.425718889964187
1741545725.2260077,7.40044223714295,8.421964183438652
1741545725.2459915,7.350779216111856,8.418482075525247
1741545725.2797914,7.251359725112958,8.412036659952395
1741545725.3014176,7.201630602086429,8.40872041049792
1741545725.3403783,7.102080523034586,8.402867133858958
1741545725.3547072,7.077179301293338,8.401501140739551
1741545725.376975,7.027364794920582,8.39883290935632
1741545725.4085965,6.9526143094146535,8.395005253732538
1741545725.4316518,6.8778552103082315,8.390950049287117
1741545725.4576445,6.828005450276735,8.388252161043368
1741545725.4762785,6.778140789033748,8.385700670990111
1741545725.4961293,6.728263553513868,8.383270445630297
1741545725.5132277,6.67838211309886,8.380805803369785
1741545725.5313032,6.628495051296013,8.378346364980667
1741545725.5500197,6.578603664236705,8.375876047681809
1741545725.5677109,6.553658575428221,8.374595280031164
1741545725.592087,6.478820121414308,8.370697643159998
1741545725.6109135,6.428922094260741,8.368120479234417
1741545725.6323962,6.379020123481863,8.365555959542867
1741545725.650308,6.35406565377905,8.36431989804192
1741545725.6689272,6.3041508188990365,8.361925709483593
1741545725.6910422,6.229279699882092,8.35821427569585
1741545725.7139983,6.17935532878299,8.355895139867686
1741545725.7314467,6.129423617247858,8.353693403940603
1741545725.7591424,6.054513991220018,8.350593891553885
1741545725.7855427,6.004567460161382,8.34864564209515
1741545725.8138936,5.929649822782841,8.345603344018167
1741545725.8331306,5.879696942970868,8.343734082859717
1741545725.8501556,5.829738577501645,8.341985105704248
1741545725.883508,5.754793006534308,8.33954299448092
1741545725.90119,5.704831226096108,8.337823376273434
1741545725.9159544,5.67984821454985,8.33701805186181
1741545726.0256214,5.404972080183301,8.33027940840607
1741545726.0459805,5.354977257856076,8.330015669000016
1741545726.062943,5.304981386220302,8.330086530998411
1741545726.082516,5.254986760324937,8.330494149538408
1741545726.1064212,5.2049936078851085,8.331093077354595
1741545726.1233318,5.15500127418941,8.331778990394245
1741545726.1397421,5.105009950688858,8.332552801642986
1741545726.155084,5.080013373485163,8.332882445861939
1741545726.173951,5.030021018957266,8.333609842500232
1741545726.1883018,5.005025107484993,8.333997692083686
1741545726.2043822,4.9550314524915375,8.334656018880937
1741545726.2209938,4.905036212037474,8.33519792026564
1741545726.2391055,4.855039983529841,8.335657865952404
1741545726.4891577,4.255079111793698,8.339815778155458
1741545726.5090375,4.205080764794083,8.339472222093521
1741545726.5246234,4.155083292882491,8.339014140672447
1741545726.5456934,4.105086964588417,8.338441342948258
1741545726.5639436,4.0550917020319135,8.337779400807372
1741545726.5848858,4.005095031226999,8.337231175247211
1741545726.6004055,3.9550999497758927,8.336551407514646
1741545726.6197205,3.9051063415026888,8.335768873337845
1741545726.6383336,3.8551107561241786,8.335123300406565
1741545726.6545131,3.830112309772613,8.33485487061985
1741545726.6726105,3.7801147026429343,8.334389371404503
1741545726.6903822,3.730116179530935,8.334032960009564
1741545726.7050123,3.7051166842878156,8.333888696948671
1741545726.723146,3.6551173307975677,8.333670045937632
1741545726.74229,3.6051188006609496,8.333307709545213
1741545726.7612267,3.555121079487123,8.332845277682074
1741545726.7809086,3.505122398299406,8.332500169915486
1741545726.799873,3.4551264959947723,8.331882421148482
1741545726.8154042,3.4301300881904813,8.331461714357648
1741545726.8298,3.3801353764519093,8.330748228360617
1741545726.844261,3.3551361805267628,8.330555754141859
1741545726.8583498,3.305137125329021,8.330263813635883
1741545726.877961,3.2551390782425846,8.329831330469606
1741545726.89246,3.230139529069945,8.329690583126075
1741545726.9068985,3.2051395926661317,8.329665116585401
1741545726.9211924,3.1551396960067564,8.329726967708336
1741545726.9416049,3.105140790567399,8.330025255963136
1741545726.9547994,3.080142386564885,8.330304201571014
1741545726.9705305,3.030149392311913,8.331133597765552
1741545726.988487,3.005155441300386,8.3316818889341
1741545727.0043616,2.955169595964295,8.332869645432895
1741545727.0242019,2.9051851586615864,8.33411519106543
1741545727.0370557,2.8801914750154767,8.334676156978983
1741545727.0492058,2.855197344726282,8.335216963792137
1741545727.0635507,2.8052070414743944,8.336199678191672
1741545727.077729,2.7552147948733814,8.337078186369395
1741545727.0920875,2.7302179180113737,8.337472336223298
1741545727.1077254,2.7052212565398808,8.337879821644504
1741545727.1220481,2.6552303408541627,8.338830982668568
1741545727.1380486,2.605242065152671,8.33991231634076
1741545727.1544633,2.5802490576926345,8.34050302244994
1741545727.1692753,2.5552557847876836,8.341082336096164
1741545727.1852179,2.5052668738609207,8.342134077242688
1741545727.2000196,2.4552807928600844,8.343312630944286
1741545727.2137907,2.430289091381385,8.343956308964076
1741545727.2295475,2.405297803595664,8.344615880182639
1741545727.2428496,2.3553172119383516,8.346008088230935
1741545727.2592287,2.305333509360241,8.347283781202142
1741545727.277961,2.255357789561269,8.348835781175767
1741545727.2936988,2.2303736164236483,8.349725019358264
1741545727.3071876,2.205389649910692,8.350620031023128
1741545727.3230913,2.155424821542578,8.352494688243878
1741545727.3395681,2.105463083465496,8.354449939237538
1741545727.357682,2.055496934737785,8.3562890495851
1741545727.370848,2.0305159441474747,8.357263585520055
1741545727.3885264,2.0055347760388296,8.358233569256544
1741545727.4079502,1.9555678919099275,8.360052575860529
1741545727.422336,1.905597663260386,8.361777322681228
1741545727.43787,1.8556326235194929,8.363646277100717
1741545727.4534411,1.8306522771179483,8.364637235174621
1741545727.4682744,1.8056725801228206,8.365644444800024
1741545727.4830234,1.755717257525251,8.36775737896242
1741545727.4973366,1.7307416893208625,8.368862248989414
1741545727.5117707,1.6807936913474677,8.371141463294403
1741545727.5253184,1.6558213001789055,8.37231595963554
1741545727.539818,1.6058811918562115,8.374762268218461
1741545727.5529087,1.5809135794068538,8.376034311622025
1741545727.566949,1.5559454154603356,8.377295453664885
1741545727.582954,1.505996012480326,8.379540239470508
1741545727.5965683,1.4810164149368725,8.380549964712698
1741545727.6103916,1.4310554777946987,8.382525510933473
1741545727.6245563,1.4060739205881891,8.383485512195026
1741545727.6393156,1.3561074101108477,8.385314956573525
1741545727.6550515,1.3311224761817841,8.386182639483152
1741545727.6702735,1.2811502565521362,8.387848396092124
1741545727.6851735,1.2561629840912256,8.388645903463338
1741545727.702652,1.2061813392053318,8.389994608534012
1741545727.7155602,1.1811877623793634,8.390561166710468
1741545727.7278526,1.156194080873983,8.391123050033702
1741545727.741028,1.1062054322547985,8.392187905913277
1741545727.75476,1.081212516431594,8.392782791789063
1741545727.7664158,1.0562201096853632,8.393398755299831
1741545727.7833886,1.006242223399797,8.394880273842942
1741545727.797381,0.9812565607525126,8.395726764469655
1741545727.810272,0.9312865731861163,8.39745840594089
1741545727.821065,0.9063025155612748,8.398350985247998
1741545727.8335452,0.8813198703106824,8.399282256672558
1741545727.8448222,0.85633675608152,8.40020080552996
1741545727.8578417,0.8313516584197987,8.401063727961834
1741545727.872703,0.7813777480360075,8.402676501113147
1741545727.884804,0.756386476133663,8.403336387677422
1741545727.8976412,0.7313938934348255,8.403945239794425
1741545727.9089444,0.706401238227152,8.404551075739446
1741545727.9250255,0.6564146655206935,8.405709288913597
1741545727.9381604,0.6064318620488186,8.407019993462946
1741545727.9565418,0.5814419945454397,8.407731561843331
1741545727.9684427,0.5564525710230933,8.408458573406227
1741545727.985764,0.5064758142207981,8.409982632534321
1741545728.000368,0.4564955131568926,8.411385679514957
1741545728.0120685,0.4315076983692656,8.412165453305418
1741545728.0262196,0.4065237692053103,8.413061191550316
1741545728.0386593,0.3565600749080971,8.414966108643778
1741545728.0526958,0.3315797267885798,8.415957098787436
1741545728.0641587,0.3065998328315727,8.416959465552104
1741545728.0753932,0.2816215703283037,8.418001693517686
1741545728.0867512,0.25664388955193057,8.419057770479428
1741545728.0983067,0.20670096786964373,8.421440849817435
1741545728.1126714,0.1817421686340453,8.422874788609828
1741545728.1262114,0.15678996772186612,8.424419823811867
1741545728.1372912,0.1318400131892347,8.426000868189337
1741545728.1547692,0.08194330675449907,8.429212316077617
1741545728.1659286,0.05700584903982396,8.430978909212808
1741545728.1777272,0.03208118370177812,8.432917703394182
1741545728.1894083,0.007167513815644868,8.434993072611418
1741545728.2004561,-0.04262296012897325,8.439563993628145
1741545728.214377,-0.06751037739118332,8.44193388848639
1741545728.225968,-0.09192947726317001,8.44420493376668
1741545728.2377515,-0.1379652907363662,8.448042724908532
1741545728.2497857,-0.16012567321525514,8.449596021020684
1741545728.2618752,-0.18243298787181023,8.450929612272283
1741545728.2736409,-0.20434478351437052,8.45196433377934
1741545728.284993,-0.22531470862888175,8.452768237860345
1741545728.298404,-0.2667408169019905,8.453879467542833
1741545728.3105583,-0.28776309443232545,8.45410374280378
1741545728.3249967,-0.30897564291851365,8.454129465614848
1741545728.3354862,-0.3303674437811704,8.453938078905725
1741545728.347264,-0.3519287358270805,8.45358209666395
1741545728.3582923,-0.39552877126924024,8.45261295612682
1741545728.3688767,-0.39552877126924024,8.45261295612682
1741545728.3797994,-0.4397086911229184,8.451165707739525
1741545728.3899846,-0.46199627515658154,8.450234708663237
1741545728.4012022,-0.4838730040091794,8.449290003386853
1741545728.4114654,-0.5053606481891546,8.448385016322007
1741545728.422847,-0.5270153864288409,8.44750040623345
1741545728.4348657,-0.5488278252839703,8.446600155273535
1741545728.4496443,-0.5923589929506764,8.444983440761945
1741545728.4604526,-0.6135476684020083,8.444396422603631
1741545728.4721465,-0.6349191335514361,8.443882173459277
1741545728.4827614,-0.6559061627433804,8.443510590360944
1741545728.4930112,-0.6759448767629782,8.443361221561196
1741545728.5041234,-0.6956376424362434,8.443456794526579
1741545728.5162568,-0.7155795232086917,8.44382568240406
1741545728.5264368,-0.735753375736715,8.444513739933317
1741545728.5375335,-0.7561419416910781,8.445543005819669
1741545728.5480323,-0.7767333182539107,8.446847473285024
1741545728.5591795,-0.8184808280581901,8.450148245603298
1741545728.5702288,-0.8396156158612619,8.452119792345453
1741545728.5802705,-0.8609177304748973,8.454226154121121
1741545728.5901601,-0.8818302323985506,8.456329819519684
1741545728.6015742,-0.9018005795223591,8.458297346479704
1741545728.6126735,-0.9214280157457116,8.460207089214208
1741545728.6231282,-0.9412980352070383,8.46221449821817
1741545728.6355505,-0.961393846561192,8.464362513703907
1741545728.6458533,-0.9817090317397643,8.466600221277773
1741545728.6563187,-1.002239803474103,8.468861956114367
1741545728.6668122,-1.0229821620129897,8.47108898293615
1741545728.6771147,-1.0439292616501905,8.473250767024748
1741545728.6885123,-1.0650675708477246,8.475385063250169
1741545728.6995595,-1.1078835381909453,8.479555656712815
1741545728.7405179,-1.1954767198273846,8.487133120162978
1741545728.7712853,-1.26268163088041,8.49179381129983
1741545728.8085778,-1.3309128119675033,8.4966587114977
1741545728.8333652,-1.4000628238726747,8.501231269728839
1741545728.87269,-1.4934484172218352,8.50738909697606
1741545728.9497707,-1.6595275934482918,8.517534728782662
1741545728.9749193,-1.7315056273978757,8.522038469767043
1741545729.2230358,-2.3431171691917556,8.527931922211495
1741545729.257019,-2.417210379920683,8.522918150997606
1741545729.287273,-2.4913090393804485,8.51665614483989
1741545729.3203359,-2.5900553816894942,8.506354396707827
1741545729.3533714,-2.664126971854599,8.49794403071877
1741545729.3749912,-2.7135300489477645,8.492224451803615
1741545729.4185429,-2.8371728174378226,8.478196913964581
1741545729.464277,-2.936228783066063,8.467443143459914
1741545729.4891632,-2.9857950222899423,8.462190227692384
1741545729.5109622,-3.0601411474002234,8.454031730112801
1741545729.5372088,-3.109723720129658,8.448615772878595
1741545729.5626204,-3.184177781208886,8.441051845937016
1741545729.5943024,-3.2586449207039476,8.433398833883587
1741545729.6276395,-3.333204871655078,8.426502635696016
1741545729.6545467,-3.407809717176193,8.419916513593876
1741545729.7187254,-3.581835747967843,8.403411426585928
1741545729.753715,-3.656479643175101,8.396815182839804
1741545729.7811368,-3.7312136364539104,8.391207786165655
1741545729.8064055,-3.7810403806964543,8.38746535260493
1741545729.8323307,-3.8558000636803422,8.382046958692028
1741545729.861362,-3.930649658520261,8.377956678864965
1741545729.9750187,-4.205331211185828,8.367022887938623
1741545729.998069,-4.280274591450445,8.364651702736102
1741545730.0291913,-4.33024268794898,8.363215725157026
1741545730.0571725,-4.405201938631244,8.361249932604462
1741545730.0939338,-4.505141758011387,8.358307809352521
1741545730.1150398,-4.55511561884342,8.356934371844678
1741545730.1819782,-4.730039805688337,8.352545273953394
1741545730.210946,-4.804999184177778,8.350296491706665
1741545730.23339,-4.854968219863797,8.348656284404605
1741545730.2608547,-4.929915171565457,8.345983806404556
1741545730.2807777,-4.979875250455723,8.344067770274107
1741545730.3051302,-5.029831183923331,8.342039276263403
1741545730.3285992,-5.07978265567484,8.339897496276382
1741545730.3798456,-5.229668216080466,8.334246743101893
1741545730.3990562,-5.27963894060973,8.33258994282069
1741545730.4277222,-5.329604290020669,8.330773173784161
1741545730.4554195,-5.404545361801414,8.327855667771038
1741545730.481837,-5.479495598187726,8.32517664240645
1741545730.5009866,-5.529467695982873,8.323540029113987
1741545730.5389678,-5.62940475624001,8.320050868509218
1741545730.5596943,-5.679371978924318,8.31826434713169
1741545730.575817,-5.7043573458578205,8.317420285425925
1741545730.598537,-5.779315567309775,8.314950041118525
1741545730.6192455,-5.829287178902797,8.313284505363578
1741545730.649995,-5.9042523702355485,8.31102791726215
1741545730.668587,-5.929242736747268,8.310342881854115
1741545730.6904225,-6.004217592283305,8.308428366058148
1741545730.7150717,-6.054204369144935,8.307295994553261
1741545730.7353754,-6.104193601462744,8.306275998997453
1741545730.7627375,-6.179181629223985,8.304965098293184
1741545730.789149,-6.229175909695945,8.304229060583149
1741545730.8167636,-6.3041658355223245,8.303027061972388
1741545730.838856,-6.3791504873507145,8.301527799793526
1741545730.8680608,-6.429137497220116,8.300397395090558
1741545730.8938484,-6.504114028232861,8.29853244172871
1741545730.9175694,-6.579096096610916,8.29690504353045
1741545730.9410913,-6.6290841184892395,8.295818340180542
1741545730.9632688,-6.679068809121117,8.294586930888588
1741545730.9905539,-6.754040229295909,8.292523808201608
1741545731.0085616,-6.779028843532459,8.291771028564025
1741545731.030133,-6.8539903266221405,8.289372974593874
1741545731.0458028,-6.8789753448778175,8.288508803996962
1741545731.0654268,-6.928942866860773,8.286709564485847
1741545731.089305,-6.9789116125822686,8.284944888636703
1741545731.109185,-7.028885129869838,8.283320357302243
1741545731.131905,-7.103851814265161,8.281089123830268
1741545731.1511734,-7.153832870020224,8.279714893218067
1741545731.1785004,-7.228800818036151,8.277526304693001
1741545731.1957407,-7.2537917094490245,8.27685232035709
1741545731.2135413,-7.303776210796894,8.275609231284717
1741545731.2373486,-7.353763443451761,8.274481135419792
1741545731.2596338,-7.428748856950077,8.273006335698517
1741545731.2811553,-7.478738892461889,8.272011369130592
1741545731.3001542,-7.528729070403822,8.27102330068535
1741545731.3206887,-7.578721811822383,8.2701741505625
1741545731.3436623,-7.6287164604229005,8.269445577657327
1741545731.3637536,-7.678710600151839,8.268683735444492
1741545731.3870478,-7.728702406795583,8.267780899328283
1741545731.4102404,-7.8036860765668425,8.266218850771104
1741545731.4542158,-7.903655421334376,8.263746912598693
1741545731.4781325,-7.978624546364791,8.261597102604323
1741545731.5010784,-8.028599893971522,8.260028215693346
1741545731.5178251,-8.078571559222349,8.258346102513055
1741545731.5358894,-8.103556166112133,8.257469129562473
1741545731.5537288,-8.15352180179443,8.255616101961175
1741545731.5787928,-8.228467443564684,8.252762982691818
1741545731.6012435,-8.278437204215992,8.251025197397844
1741545731.6202416,-8.328410799513417,8.249401306990876
1741545731.6486328,-8.3783877703075,8.247884821464895
1741545731.6736505,-8.45335888110686,8.245805033832385
1741545731.6867504,-8.478350945559194,8.245175377453423
1741545731.7081447,-8.52833676525068,8.243985773181265
1741545731.735436,-8.603320057322087,8.242405050759722
1741545731.7512345,-8.653311806576319,8.241497372859135
1741545731.7657561,-8.678308918435436,8.241118701135155
1741545731.7820873,-8.72830673949603,8.240662219091686
1741545731.7982397,-8.77830653096152,8.24053234396518
1741545731.8169546,-8.803306437307088,8.240466605106741
1741545731.8362901,-8.853305644040494,8.240187936707004
1741545731.850652,-8.903303968595234,8.239779897619956
1741545731.8685014,-8.928302698042351,8.239528240640508
1741545731.8931825,-9.003297453320187,8.238644700328205
1741545731.9111552,-9.05329219802294,8.237920410152356
1741545731.9289536,-9.078288848181622,8.23751139356515
1741545731.9437213,-9.12828335219437,8.23677288057162
1741545731.9587338,-9.178277795810597,8.236029943712095
1741545731.9789717,-9.228272393773183,8.235297451183024
1741545731.9977255,-9.278266793047733,8.234551613863898
1741545732.0201957,-9.328261322757038,8.23381446540378
1741545732.0424488,-9.378255660658633,8.233064496105653
1741545732.054437,-9.40325209893622,8.232642731052076
1741545732.0700803,-9.45324309336756,8.231694316561793
1741545732.087265,-9.47823759693039,8.23117028211583
1741545732.102095,-9.528225065341575,8.230051976979233
1741545732.1185827,-9.578209923027543,8.228822502893673
1741545732.132037,-9.603202125412428,8.228198353171647
1741545732.1462789,-9.628195637781612,8.227629062915124
1741545732.168181,-9.678181203683755,8.226429248551995
1741545732.1838572,-9.728163260718807,8.225090891090586
1741545732.2023988,-9.778141954006452,8.223632222400973
1741545732.2215822,-9.828117180301785,8.2220592220756
1741545732.2335398,-9.853103656338968,8.221237121602657
1741545732.2545156,-9.90307328186023,8.219494815159813
1741545732.2703083,-9.953038833826387,8.21763935844881
1741545732.2896369,-9.978019730512338,8.216662307395877
1741545732.3057728,-10.027978640367115,8.21463625620637
1741545732.318713,-10.07793888228406,8.212643693815846
1741545732.3309681,-10.102920879659075,8.211695203702755
1741545732.3482037,-10.127904501761993,8.210790523618103
1741545732.3670976,-10.177874223214769,8.209051376446054
1741545732.3846853,-10.227847570419328,8.207419716443036
1741545732.4061007,-10.277824307068443,8.205895409988916
1741545732.4197228,-10.32780424750868,8.204480056391436
1741545732.431467,-10.352795183666574,8.203807041548059
1741545732.445957,-10.377787199050562,8.203175376942815
1741545732.4618747,-10.427772949715955,8.20198276030671
1741545732.4768767,-10.452766657919925,8.201422057758323
1741545732.491791,-10.502756187995608,8.200399318960786
1741545732.5097938,-10.552747446468661,8.199464902063761
1741545732.5319216,-10.602735890761723,8.198390568447659
1741545732.5510278,-10.652722149178658,8.197218823613786
1741545732.5643468,-10.67771663689616,8.196694097090079
1741545732.5821533,-10.72770435899548,8.195587653133613
1741545732.5971665,-10.752697209136526,8.194989930861
1741545732.608954,-10.777688978615581,8.194348618574612
1741545732.623472,-10.827670606877396,8.19299419369954
1741545732.6371384,-10.852660460932679,8.192282128913993
1741545732.6506345,-10.90263733443231,8.190761842572508
1741545732.6636777,-10.927624258457415,8.189953471970076
1741545732.6763837,-10.952610714694169,8.189130766177154
1741545732.6886125,-10.977595771884454,8.188266618461856
1741545732.7000506,-11.027562392681892,8.1864417758337
1741545732.71319,-11.052540010027087,8.185384532068746
1741545732.726968,-11.077515389210856,8.18427532680607
1741545732.7403612,-11.127464104210707,8.182011702567747
1741545732.752578,-11.152437088590716,8.180849853110683
1741545732.7656014,-11.17740814979704,8.179647380477553
1741545732.7814207,-11.227353850053934,8.177318619109112
1741545732.7951896,-11.2523288797297,8.17620160313486
1741545732.8118827,-11.302283348851143,8.174068494270378
1741545732.828862,-11.327262561426778,8.173049289206388
1741545732.8410368,-11.377223603115015,8.171076447423074
1741545732.8556173,-11.402205410246502,8.170122949488311
1741545732.8675253,-11.427188720238304,8.169209679561975
1741545732.8859205,-11.47715775685953,8.167450964800686
1741545732.898893,-11.527130545443615,8.165802312619919
1741545732.9102497,-11.552118079854793,8.16501303189655
1741545732.9224854,-11.577106892406874,8.164265314570013
1741545732.9350226,-11.602096141082763,8.163532314173894
1741545732.9482431,-11.627086580753394,8.162841113822536
1741545732.9599223,-11.677069376296402,8.161530492338388
1741545732.972073,-11.701586292616986,8.160920851849585
1741545732.9864259,-11.725651544350454,8.160367768026422
1741545733.0006008,-11.773913967475604,8.159332257177198
1741545733.0126257,-11.798106996596362,8.158849553751248
1741545733.02424,-11.822338954301719,8.15840767025402
1741545733.037385,-11.846607499884433,8.157979906807386
1741545733.052429,-11.895247936973377,8.157193998844244
1741545733.065902,-11.919614977615128,8.156740530404361
1741545733.0772142,-11.944011509185458,8.156265416088505
1741545733.087839,-11.968435616028254,8.155745866750836
1741545733.0994265,-12.017362317077634,8.154634522887946
1741545733.1135612,-12.041862401537601,8.154044515006255
1741545733.124315,-12.066384923870947,8.153414239384219
1741545733.1389265,-12.090929421211243,8.152770428284194
1741545733.149241,-12.115494093097478,8.152086282237095
1741545733.1615727,-12.164681279526777,8.150649879469436
1741545733.1729498,-12.18930187593903,8.149897325396566
1741545733.1836612,-12.213938689490647,8.149103827893322
1741545733.1946352,-12.23859170903424,8.148296023382596
1741545733.207381,-12.263259222849133,8.147447013557587
1741545733.2189372,-12.312636413194703,8.145678535527216
1741545733.228927,-12.312636413194703,8.145678535527216
1741545733.239628,-12.362064370542258,8.143797698719323
1741545733.254393,-12.386795960951538,8.142821681114903
1741545733.2730517,-12.436291222567943,8.140796912222466
1741545733.2982953,-12.510623825260376,8.138023135927615
1741545733.3493934,-12.609834356784924,8.133690451171795
1741545733.3688014,-12.65941154330222,8.130201458358007
1741545733.4506497,-12.879320213744679,8.090240725520797
1741545733.4688566,-12.903018978991009,8.082568877183423
1741545733.4854422,-12.949741998676087,8.065258120108838
1741545733.5021465,-12.995434896202802,8.045348373373768
1741545733.5214822,-13.039946021018386,8.022889736813829
1741545733.5390198,-13.08312549120383,7.997941250080055
1741545733.5554407,-13.104173721067113,7.984560493067361
1741545733.5720482,-13.145083655233924,7.956012473707906
1741545733.5905159,-13.184306302589185,7.925171129671893
1741545733.6056917,-13.203238822795676,7.908915210345145
1741545733.6226025,-13.239684072299797,7.874817854675388
1741545733.6430142,-13.274123264954591,7.8386846704769715
1741545733.6572165,-13.290559295815633,7.819895291605892
1741545733.670648,-13.321774970208496,7.780929653149216
1741545733.6878085,-13.336527949555371,7.760785814618184
1741545733.702316,-13.364284114028136,7.719274474927748
1741545733.7146957,-13.37726446848353,7.697940385127283
1741545733.731522,-13.401352306981575,7.654188990927642
1741545733.744959,-13.41243923245217,7.631808355412435
1741545733.759278,-13.43267680270318,7.586141307313642
1741545733.7730505,-13.441810794024628,7.5628918211840475
1741545733.7971964,-13.458045781847966,7.515646923880299
1741545733.8113387,-13.47154227207146,7.4675445239342855
1741545733.8275785,-13.477242448235705,7.443219847775302
1741545733.8421392,-13.486548913868065,7.394130132138308
1741545733.877656,-13.495043262566568,7.321589135420729
1741545733.894263,-13.497053616164095,7.277372444047536
1741545733.9122348,-13.496886295403801,7.236912427161273
1741545733.9291008,-13.496143265117468,7.218053800140766
1741545733.94364,-13.493214706167743,7.182501355315535
1741545733.95974,-13.488528304973698,7.147544038285772
1741545733.9739027,-13.485671069411287,7.129613004164706
1741545733.9874434,-13.482599067512869,7.11138740704972
1741545733.9998245,-13.476082550882095,7.074071759084654
1741545734.015257,-13.472749673317809,7.054991762121218
1741545734.0293565,-13.469432053488747,7.035637398575665
1741545734.0440967,-13.462866205606053,6.996153344835785
1741545734.0581663,-13.45643039755036,6.95571020729694
1741545734.0733051,-13.453359399946118,6.935142075455212
1741545734.0882564,-13.450331948105225,6.914365437664125
1741545734.10114,-13.444277911081436,6.8722440905885325
1741545734.1173933,-13.441225951262831,6.850920910234396
1741545734.1296952,-13.438100211041593,6.829442174221326
1741545734.145031,-13.431676699079905,6.786042475413034
1741545734.1574662,-13.428296887217082,6.764148807166221
1741545734.1710277,-13.421383451903148,6.7199808668021355
1741545734.185618,-13.417845224290993,6.697720178058459
1741545734.2001834,-13.410317978449243,6.652922908858474
1741545734.215047,-13.406352902700483,6.630394570171026
1741545734.2290444,-13.40234559353155,6.607771056241239
1741545734.2443628,-13.394264613627373,6.562247206458949
1741545734.2573552,-13.390086866274677,6.539374692018053
1741545734.269925,-13.381638730114313,6.493396991079305
1741545734.2834861,-13.377473530428993,6.4702804837573495
1741545734.2983854,-13.369156740731652,6.424346564084877
1741545734.3105326,-13.365204662294804,6.4025325059394955
1741545734.3223975,-13.361408891851932,6.381093669174023
1741545734.335011,-13.357715561849625,6.359481257535877
1741545734.3470557,-13.35415834083899,6.337697890412866
1741545734.3597996,-13.347226779668725,6.293685467506591
1741545734.3733258,-13.343948413982059,6.271998940697113
1741545734.389312,-13.340999768345199,6.251225293101169
1741545734.4009986,-13.335926926707593,6.2101030261544246
1741545734.4143918,-13.3338667915618,6.189759132693166
1741545734.429246,-13.332080208625408,6.1697466352506956
1741545734.4418797,-13.329015283603061,6.128989002343093
1741545734.4556901,-13.327731370610769,6.108269300080706
1741545734.471576,-13.32566021602968,6.06620625701215
1741545734.4831362,-13.324762845033952,6.044889032804049
1741545734.4942753,-13.323880475148787,6.0233968112902225
1741545734.5086327,-13.322985259139505,6.001739046686713
1741545734.5221715,-13.3214294664224,5.957947819008451
1741545734.5336936,-13.320914282724255,5.935825714489729
1741545734.552923,-13.32053323484341,5.8911682541941826
1741545734.5682402,-13.320563708065226,5.868649620304268
1741545734.5812438,-13.321088860325156,5.823267219122996
1741545734.5942402,-13.321590531558746,5.800416681319154
1741545734.604591,-13.322213697754895,5.7774671221288365
1741545734.6169221,-13.322894066362089,5.754422036827264
1741545734.6295493,-13.324389234599249,5.708062956184227
1741545734.6441736,-13.325318147675743,5.684761911692767
1741545734.6558056,-13.326333411541187,5.661384467576444
1741545734.66759,-13.327367729576054,5.637931675834562
1741545734.6837304,-13.329280506913427,5.59080536727165
1741545734.6977594,-13.331147081206314,5.543413764372238
1741545734.7124293,-13.332117586452188,5.519628406950726
1741545734.7228909,-13.333129382092972,5.495787904009342
1741545734.7375436,-13.334155824041968,5.4718938635171375
1741545734.751124,-13.336304774411522,5.423957684072832
1741545734.762591,-13.337427289148357,5.399920417279029
1741545734.7756457,-13.338564276276362,5.3758392487019675
1741545734.7875905,-13.339742247338041,5.351717584906014
1741545734.7992923,-13.342145215727516,5.303852062581243
1741545734.8113246,-13.343317792945026,5.2805806926005125
1741545734.8228576,-13.344417012013665,5.257224877220115
1741545734.839047,-13.346231093313028,5.212321369518717
1741545734.8510573,-13.34707049876002,5.191294521317609
1741545734.861744,-13.347835556802389,5.17063523073818
1741545734.8732672,-13.348446529411115,5.150341160717891
1741545734.885535,-13.348820718829147,5.130976183720899
1741545734.9095402,-13.348806191372896,5.092585942248482
1741545734.921384,-13.347727595183835,5.053132280338297
1741545734.932439,-13.346930639319716,5.0330409967145835
1741545734.9433866,-13.346051899403681,5.012720227688223
1741545734.9540403,-13.345148733878863,4.992178715209552
1741545734.9666126,-13.344249905637001,4.971425757038321
1741545734.9772565,-13.343315701628319,4.950473137198174
1741545734.987833,-13.342383073627001,4.929328797952472
1741545734.998913,-13.340718899542036,4.88649303462374
1741545735.010226,-13.339975078141245,4.864819425388919
1741545735.021492,-13.339290767271315,4.8429862141115745
1741545735.0346277,-13.338633192515317,4.821002040807902
1741545735.047256,-13.338046393890005,4.798872896670074
1741545735.0619774,-13.337328417353143,4.754203388471685
1741545735.072478,-13.337283842349287,4.73167726206614
1741545735.0826814,-13.337418937032734,4.709033856037686
1741545735.0945308,-13.337750294130824,4.68628042180154
1741545735.1088398,-13.338246693251092,4.663423253125073
1741545735.1202483,-13.3397746232917,4.617423703372673
1741545735.1308815,-13.340803838020731,4.594293398912322
1741545735.1415422,-13.341992401056848,4.571082805289144
1741545735.1519904,-13.343366695158668,4.547798684839703
1741545735.1630552,-13.344876691820732,4.5244431084437045
1741545735.174333,-13.346480905788773,4.501017767037993
1741545735.1868808,-13.348212896160526,4.477529066521872
1741545735.200371,-13.352026807331818,4.430375087131811
1741545735.2242255,-13.356368292138052,4.383015928508436
1741545735.2438636,-13.361447977675097,4.33550220052935
1741545735.2580042,-13.366865586200504,4.287818519058516
1741545735.2713053,-13.369546199183986,4.26390196809834
1741545735.3793452,-13.39850140049325,3.9982372986359205
1741545735.4039743,-13.402881085787518,3.9494497881035846
1741545735.416244,-13.40487316958524,3.9250029033614817
1741545735.4304283,-13.408445333564492,3.8760110089996074
1741545735.444674,-13.410025918103804,3.851469753718872
1741545735.4609509,-13.412800618519443,3.8023067522885823
1741545735.4772477,-13.413993362742653,3.7776880679922535
1741545735.4935749,-13.415959242283186,3.7283828032574715
1741545735.50752,-13.41673099942839,3.703699387375734
1741545735.521612,-13.41787593398436,3.654279177599098
1741545735.535789,-13.418273637731165,3.629545468722278
1741545735.5497746,-13.418841286509721,3.580038146590045
1741545735.5614302,-13.418904101488721,3.55526557792939
1741545735.5753582,-13.418860261066694,3.530482130397879
1741545735.589109,-13.41878136820396,3.5056884661679137
1741545735.6053486,-13.418596913801943,3.456072294195393
1741545735.6189623,-13.418313219300448,3.4064209967843833
1741545735.6318202,-13.418159327533937,3.3815831068379314
1741545735.6469796,-13.418057298740496,3.3567372640818434
1741545735.6578317,-13.4179309440289,3.307023723042249
1741545735.669977,-13.417875389409147,3.2821568014106153
1741545735.68164,-13.417762359017694,3.2572837496581486
1741545735.6968262,-13.417625204625887,3.2324047938345686
1741545735.70997,-13.417239004442305,3.1826306875039228
1741545735.7235518,-13.416993795764881,3.1577361539457165
1741545735.7382941,-13.416577956343547,3.1079318035197403
1741545735.7498243,-13.416392467906027,3.0830225778716356
1741545735.7630265,-13.416154902092094,3.0581095109981775
1741545735.7787464,-13.415741353813178,3.0082708093166084
1741545735.79006,-13.415554168664743,2.983345646677444
1741545735.8024948,-13.41531426585722,2.958417410621033
1741545735.8147438,-13.415079265852473,2.9334857703199995
1741545735.8279727,-13.414895836516182,2.9085504995376996
1741545735.8399572,-13.414612273173384,2.8586704401541216
1741545735.854665,-13.414507695030997,2.8337260035170155
1741545735.8674548,-13.41444452964481,2.808778796296031
1741545735.881198,-13.414239617284593,2.758877276823498
1741545735.8941796,-13.41411333742731,2.7339231430664914
1741545735.9064786,-13.414038533525126,2.708966636374633
1741545735.9177577,-13.413825869403967,2.659047789232752
1741545735.9304068,-13.413699419760107,2.634085592712192
1741545735.9423978,-13.413625472711631,2.609121403300935
1741545735.9548264,-13.413572088795311,2.584155463053612
1741545735.966415,-13.41356328747612,2.5591878507570143
1741545735.9789727,-13.413471773300776,2.509248192721724
1741545735.991857,-13.413403238733185,2.4842762705089143
1741545736.0062063,-13.413399286697421,2.4593029287301382
1741545736.0178118,-13.413463702886622,2.434328400676607
1741545736.0344892,-13.41370221589759,2.384376177217213
1741545736.0453076,-13.413865902659838,2.3593986471326787
1741545736.058308,-13.414285792023685,2.309441259691366
1741545736.072382,-13.414639461641393,2.2844627290128017
1741545736.0867443,-13.415044691555849,2.2594840652579458
1741545736.1014974,-13.415899618283227,2.20952495957956
1741545736.113837,-13.416356896604816,2.1845447412308125
1741545736.1265025,-13.416854721513085,2.1595645565077524
1741545736.141589,-13.41792166633392,2.1096035911842135
1741545736.1527348,-13.418491656059416,2.0846229289540723
1741545736.165303,-13.419104212934265,2.059642664030166
1741545736.1811817,-13.420403220597198,2.0096823024547947
1741545736.193351,-13.42108963834434,1.9847022953061604
1741545736.2042077,-13.42181859503375,1.9597229910850285
1741545736.215339,-13.422563075863566,1.934743666107258
1741545736.2256615,-13.42335000862369,1.909765186839357
1741545736.2365239,-13.424126706614029,1.8847859545679382
1741545736.251845,-13.425378317385459,1.8348180639343128
1741545736.261693,-13.425757070383856,1.8098284864459
1741545736.2743084,-13.426025125128966,1.784837086232374
1741545736.2847369,-13.426258762825695,1.759844991344733
1741545736.2954416,-13.426524267227116,1.734852896979952
1741545736.3074598,-13.426856440308008,1.709861290174674
1741545736.3194273,-13.427623346773974,1.6603544005249764
1741545736.3296683,-13.428039219383503,1.6362919928159514
1741545736.3408556,-13.42849590986712,1.6121859058551544
1741545736.3509064,-13.428966078787623,1.5880377700119745
1741545736.3626175,-13.429475830881843,1.5638501400970322
1741545736.3743663,-13.429998554296665,1.539624405302907
1741545736.3854575,-13.430560839499238,1.5153629986983759
1741545736.3962855,-13.431136270341485,1.4910670802782906
1741545736.417159,-13.43238040381287,1.4423796234954789
1741545736.4276092,-13.43304948825844,1.4179912578552598
1741545736.438502,-13.434434356996451,1.3710893632321322
1741545736.4484303,-13.434434356996451,1.3710893632321322
1741545736.4592423,-13.436132110026904,1.3258668667282039
1741545736.470441,-13.437013559682324,1.303088852640571
1741545736.4807212,-13.437930722650469,1.2802073193190533
1741545736.4911945,-13.438860021818577,1.2572263346693864
1741545736.5026014,-13.43982852464215,1.234151773817134
1741545736.512825,-13.44078638453789,1.2109861051802273
1741545736.5228286,-13.441691677644505,1.1877319758728722
1741545736.5343657,-13.44260184194485,1.164395794650695
1741545736.545581,-13.443563443624324,1.140983339481095
1741545736.5566869,-13.44454645845101,1.117497158325446
1741545736.5685196,-13.445574474086076,1.0939418320551877
1741545736.603337,-13.449787037854367,0.9990795741264693
1741545736.651864,-13.452920887697399,0.8791947570239844
1741545736.6959875,-13.450336536595014,0.7825017811669239
1741545736.73863,-13.435014095985542,0.6618303361533749
1741545736.7761128,-13.417813598911131,0.5905077728132386
1741545736.8085728,-13.394709617382423,0.5206422783898276
1741545736.8381555,-13.354958943661837,0.43064785458916777
1741545736.8852863,-13.305317117455324,0.34538785049597925
1741545736.9201233,-13.24631177508955,0.26603485035239416
1741545736.9576426,-13.178749744909576,0.1935619299247328
1741545736.9942303,-13.123464363623382,0.14373093692346758
1741545737.035815,-13.043619129868235,0.08463896291915132
1741545737.0690587,-12.979797829877773,0.04604190292061669
1741545737.0987523,-12.889928890580089,0.003326111553513743
1741545737.1308372,-12.820064411818555,-0.021728149223336622
1741545737.16422,-12.754806650547991,-0.0392917382283097
1741545737.1971562,-12.696809340198724,-0.05064521455181168
1741545737.2425203,-12.610130650779118,-0.05677776895118871
1741545737.2741191,-12.555883700154231,-0.056082201821222796
1741545737.3069835,-12.49884188630895,-0.05418479115240111
1741545737.3430548,-12.419074985224801,-0.05096964341679635
1741545737.3724391,-12.356849477206088,-0.0490899139685644
1741545737.4179854,-12.249394914934971,-0.0463256327619225
1741545737.44786,-12.205299769994653,-0.0453323044306332
1741545737.483789,-12.115525849060578,-0.043034991909694835
1741545737.5150938,-12.046997837186165,-0.04108161818228779
1741545737.5548341,-11.954275736286322,-0.038819367362186684
1741545737.6001818,-11.836607334838813,-0.035519399750081046
1741545737.6319265,-11.76522747085413,-0.03349856115062228
1741545737.6605206,-11.693351375948192,-0.031771332622073614
1741545737.6977603,-11.59686242460067,-0.029822774076712414
1741545737.7287118,-11.548377164239698,-0.028928191174210617
1741545737.7555456,-11.475392028967386,-0.02753686699040695
1741545737.7841997,-11.40214007528476,-0.025887538792128552
1741545737.8202548,-11.304107352916516,-0.023841938061595933
1741545737.8590813,-11.205721114699976,-0.022279553030917276
1741545737.892009,-11.131742894474868,-0.021079497637307192
1741545737.927643,-11.057632648907015,-0.019571427982043553
1741545737.9591043,-10.958641839121393,-0.017329791562258376
1741545737.9908493,-10.88427677200872,-0.01593012006698143
1741545738.0374277,-10.784987142989957,-0.01446466131981807
1741545738.071781,-10.685569836501998,-0.013280116645923391
1741545738.1082945,-10.610938405143793,-0.012440075303766866
1741545738.1391451,-10.511351374385965,-0.011593194156196373
1741545738.1733806,-10.436615605520783,-0.01068557659891938
1741545738.2073455,-10.361848368655307,-0.009511172243045452
1741545738.2332125,-10.28705472709022,-0.00810549260201005
1741545738.2695215,-10.212240201305693,-0.006438009728244749
1741545738.2998059,-10.112458305122134,-0.003978296614657772
1741545738.3417625,-10.012636621330554,-0.001800227938119711
1741545738.3756907,-9.93775165773712,-0.000188600353120356
1741545738.406699,-9.862847689760217,0.0011314597844431726
1741545738.4345095,-9.787928455046057,0.0022151112261712624
1741545738.4594283,-9.712995972520655,0.0030362133157507683
1741545738.4831412,-9.66303484545197,0.003448119844516168
1741545738.5141008,-9.588085517587965,0.003886310011243747
1741545738.538502,-9.513131186342903,0.0045529379703005525
1741545738.5756226,-9.438173336020856,0.00544187375704347
1741545738.6131825,-9.338221094300383,0.006555189649103794
1741545738.6441598,-9.26325636631816,0.007718443954105474
1741545738.6790695,-9.163301900862841,0.009506121830483296
1741545738.7192738,-9.063337473584538,0.011005277629151117
1741545738.7461648,-9.013356264496275,0.011915901954714243
1741545738.7761912,-8.938386916092062,0.013498314030881545
1741545738.804596,-8.863421744062267,0.015346034806684079
1741545738.8322892,-8.788453915985157,0.017151489841642966
1741545738.857114,-8.738476904998093,0.018449429821247407
1741545738.894924,-8.638530809264115,0.021389925985346458
1741545738.9315968,-8.538582571120537,0.024319852865098572
1741545738.9607737,-8.463626145185005,0.026707005633650284
1741545738.990794,-8.388660804559546,0.028823173311942868
1741545739.0227902,-8.313696440070718,0.030995315266371587
1741545739.0550265,-8.238739217799319,0.03341950253214931
1741545739.078714,-8.163774442546801,0.035613358086893546
1741545739.1179283,-8.063822809746096,0.03860788270641611
1741545739.1466389,-8.013849861586777,0.04020548888333665
1741545739.1793268,-7.913910656549509,0.04361505504190424
1741545739.2086132,-7.863935671202285,0.04515998067571224
1741545739.2427084,-7.763979511382903,0.04805248249774104
1741545739.2746453,-7.689020050869933,0.050479724108599494
1741545739.3012416,-7.614053437798644,0.05267981460994722
1741545739.33562,-7.539080189640837,0.054647348378354416
1741545739.36649,-7.464113366981606,0.056849399386401836
1741545739.3984137,-7.364165289260548,0.06004169374149996
1741545739.4267602,-7.314186226247905,0.06147430905002697
1741545739.4599757,-7.2142186839096345,0.06399162592316154
1741545739.4876542,-7.164230952026396,0.06508519083437005
1741545739.5161269,-7.089245673114709,0.0665503834878769
1741545739.5465586,-7.014265265901594,0.06824776182747246
1741545739.5771563,-6.939284140912202,0.06991528588723972
1741545739.6328332,-6.789329176251364,0.07356638648244203
1741545739.668768,-6.7143442346660205,0.07505782989308177
1741545739.7081594,-6.614357474466184,0.07666576492245772
1741545739.7382708,-6.514365346317152,0.07790444084559703
1741545739.767245,-6.464369044770541,0.0785061313638928
1741545739.7975528,-6.389372097744948,0.07916619141324595
1741545739.825443,-6.314375640986047,0.07987895376906776
1741545739.8510556,-6.239382585469371,0.08089100076353299
1741545739.881004,-6.16439258296808,0.08210996461621374
1741545739.9192266,-6.064400904919125,0.08338879634755267
1741545739.946341,-6.0144059118486215,0.08409357655184906
1741545739.9742696,-5.939410433803649,0.0849085592080936
1741545740.0020974,-5.864415264056657,0.08575213524678454
1741545740.0374868,-5.789418171282178,0.08640277415438148
1741545740.0665686,-5.7144215512230865,0.08710419923189362
1741545740.1069515,-5.614430892209048,0.0884646977898928
1741545740.1384177,-5.514439931830092,0.0897999238433667
1741545740.1646364,-5.464447267518445,0.09065522789043132
1741545740.1939232,-5.389462397867299,0.0921587897399831
1741545740.2186532,-5.31447623951948,0.09359511156598392
1741545740.2585347,-5.214487085817467,0.09506163702687993
1741545740.2932236,-5.139493239011227,0.09601653543621284
1741545740.3179164,-5.06450327073793,0.09724063139371522
1741545740.348201,-5.014508201170567,0.09794154054826128
1741545740.3827596,-4.914516870368435,0.09925133700411234
1741545740.4127755,-4.839523195542237,0.10022085027647971
1741545740.4413586,-4.764533547248385,0.10146374850748534
1741545740.4675488,-4.7145430797566625,0.10243949105823663
1741545740.4932916,-4.639558742082477,0.1039688675908903
1741545740.5233302,-4.5645741570315295,0.10548699832556452
1741545740.5861926,-4.414593940614006,0.10790751401829718
1741545740.6086144,-4.364601248521935,0.10876150127511554
1741545740.6331983,-4.289616740259263,0.11028350069476979
1741545740.6687276,-4.214630892438887,0.1117363626156339
1741545740.6951616,-4.139639675974223,0.11288110910902324
1741545740.7277887,-4.064649131934025,0.11406864194829788
1741545740.7545671,-3.9896558145764507,0.11506563531788454
1741545740.7870378,-3.9146597746654828,0.11583329322726107
1741545740.8137772,-3.839666496342202,0.11683306675499758
1741545740.8520527,-3.7396803017750266,0.11849277377672623
1741545740.887785,-3.6646894496425566,0.1196606847043478
1741545740.916583,-3.5896951848929617,0.1205855871007228
1741545740.9448411,-3.5147041961291143,0.12174435053184905
1741545740.9738328,-3.4397128615735495,0.12288103358669596
1741545741.000799,-3.3647246835420788,0.12420955295139606
1741545741.0278327,-3.314735336316311,0.12524044776834273
1741545741.0503886,-3.2397493063109946,0.12668402109296922
1741545741.075351,-3.189756005965496,0.12750191281851675
1741545741.100713,-3.114770999008675,0.12899851809926474
1741545741.1345625,-3.0397851099801345,0.13044949851519314
1741545741.1566415,-2.989791480265253,0.1312470255320648
1741545741.1906483,-2.889799478336566,0.1325056118812834
1741545741.2224987,-2.8148023166255154,0.13315311910806987
1741545741.2518988,-2.73980347687495,0.13356231439187052
1741545741.2753885,-2.6898036466392683,0.13368916972254252
1741545741.3071556,-2.6148038005506957,0.13380683102096858
1741545741.332267,-2.564803928339866,0.13390228082416392
1741545741.3589358,-2.4648046534435513,0.1342418162194253
1741545741.497431,-2.139809079975077,0.13334919478857768
1741545741.5200534,-2.0648144854059685,0.13245246550929451
1741545741.5434463,-2.014819916909422,0.13171714402942172
1741545741.5685136,-1.9648271580300363,0.13086765782377283
1741545741.6059964,-1.8648481357444444,0.1288250658116893
1741545741.6295857,-1.814862405103689,0.1276316311488585
1741545741.657357,-1.7398815924866307,0.12593845359597988
1741545741.6796467,-1.6648946393206934,0.12454187282835198
1741545741.7109568,-1.589908656112324,0.12309474686986284
1741545741.736224,-1.5399163522557973,0.12221816419619079
1741545741.7612562,-1.4649207678169927,0.12144355675310124
1741545741.8133872,-1.339920920401299,0.1213645736268951
1741545741.836518,-1.2899211271032485,0.12150533265736842
1741545741.85566,-1.2399217892276604,0.12176086490585203
1741545741.968332,-0.9649353522318067,0.1244103694509604
1741545741.997657,-0.8899453485411348,0.12563210521026189
1741545742.0297313,-0.7899656066058475,0.12764203917147554
1741545742.0521107,-0.7399743454984419,0.12857631191776395
1741545742.0814056,-0.664992629247662,0.13022967295671237
1741545742.1020355,-0.6150083398125623,0.13148199844371697
1741545742.1225889,-0.565027058134827,0.1328491379362728
1741545742.1466253,-0.5150490009692845,0.1343294767824603
1741545742.1753979,-0.44008829347000067,0.1367555169437044
1741545742.1970673,-0.3901185275521663,0.1384937796575971
1741545742.2205172,-0.315155190953964,0.14083683010453707
1741545742.2432017,-0.26517536522701973,0.14225624013690008
1741545742.2779639,-0.16520104555515844,0.1444924316940672
1741545742.30242,-0.11520841912904714,0.14535005550567362
1741545742.3272016,-0.06521422306568012,0.14611041209455988
1741545742.3492362,-0.015218479907645459,0.1467610057354357
1741545742.3731816,0.05977754217428561,0.1475290059931266
1741545742.3936746,0.10977602299884924,0.14791757967003116
1741545742.4155095,0.15977349929440904,0.14841899123429578
1741545742.4380476,0.234772827379248,0.14863664535224946
1741545742.4622927,0.2847726986165643,0.14872730687650548
1741545742.4816525,0.3347725737898654,0.14882230370140248
1741545742.507241,0.38477252920008587,0.14878083965775546
1741545742.5284214,0.4347722403111251,0.1486184084240433
1741545742.5535088,0.509772022388592,0.14847106538698085
1741545742.5755591,0.5597719660721412,0.14853989733029635
1741545742.6097984,0.6347712595604308,0.14885584843100977
1741545742.6339622,0.7097694270274166,0.14937599170005203
1741545742.667965,0.7847688343632504,0.14965933287530903
1741545742.6909132,0.8597680044998176,0.14999542844766728
1741545742.7124074,0.909766413951337,0.15039303346710942
1741545742.729364,0.9347651689045645,0.1506421959695747
1741545742.7571552,1.009760179515327,0.1515047114309191
1741545742.7735698,1.0597579786147862,0.15197324850775154
1741545742.7943094,1.1097549864351077,0.15251710066346189
1741545742.8155308,1.159750358622133,0.15319540496902842
1741545742.8461587,1.2347442857688673,0.15414585378016085
1741545742.8695655,1.2847389741017703,0.15487381624120364
1741545742.8903403,1.3597271186579527,0.15620468155266076
1741545742.907865,1.3847222762653304,0.1566965521433504
1741545742.927801,1.4347105729980778,0.15777790704156894
1741545742.9518175,1.5096879725959509,0.15961718731312372
1741545742.971851,1.5596693707863531,0.1609800620539914
1741545743.2069242,2.1345057256743307,0.17414979981341494
1741545743.2301035,2.2095027708125246,0.17481045003262347
1741545743.2628717,2.284501569305275,0.17522692045695087
