1741546384.0629628,-0.0013930294034141975
1741546384.0838978,0.0025261311512919057
1741546384.1038902,0.008954603753727053
1741546384.125095,0.025396765917261067
1741546384.143036,0.0355322124375776
1741546384.1780524,0.003582530366195059
1741546384.1972966,0.054299570531681156
1741546384.2174017,0.016666034897010424
1741546384.2449543,0.00248028277712078
1741546384.2614372,0.0030989902073531505
1741546384.2945235,-0.01710006058309219
1741546384.3140357,-0.0038020724194228455
1741546384.3324785,-0.01601903223156267
1741546384.3558419,0.024564932143147554
1741546384.377244,0.0010299195815624655
1741546384.4011135,0.02242116470141929
1741546384.4406283,-0.011990055594856105
1741546384.4589531,-0.00532443158288853
1741546384.5608761,0.0017896301403013855
1741546384.5800061,0.0034842993403340038
1741546384.5983605,-0.01650085394366357
1741546384.6171606,0.007908470995940192
1741546384.64892,0.001594687788937784
1741546384.6703792,-0.01212643390147392
1741546384.693791,-0.02831771593880421
1741546384.7111278,0.0043415827218544496
1741546384.7294827,-0.01218134726999255
1741546384.7518249,0.0094926211309536
1741546384.7757986,-0.000480930688125044
1741546384.79401,0.02938559822305731
1741546384.8236694,0.0033674457691708435
1741546384.8463206,-0.022423396395511462
1741546384.8633094,-0.0050633088665192425
1741546384.8809507,0.014725896727803996
1741546384.9004812,0.0028623481055109323
1741546384.921895,0.00944036185261193
1741546384.9389975,0.03407252808823061
1741546384.9675646,0.03206718791521042
1741546384.9873242,0.0028716415348330263
1741546385.0090933,-0.0011605776394589557
1741546385.0304902,0.023252893918956602
1741546385.3143373,-0.01969722714204903
1741546385.3338478,-0.026716017829379643
1741546385.3545382,-0.054349763568579
1741546385.3727803,0.013617833996439815
1741546385.614089,-0.030819768553837282
1741546385.6327333,-0.049194026256048524
1741546385.6480067,-0.053102187159904675
1741546385.670002,-0.0539517292788089
1741546385.6906998,-0.06081538596283423
1741546385.7037094,-0.06188652757850158
1741546385.7202353,-0.06135998859881313
1741546385.7373776,-0.05877607321792005
1741546385.754976,-0.05096941622029949
1741546385.7702897,-0.04722448742013743
1741546385.7865803,0.023197442190369302
1741546385.8057368,-0.009739674024397044
1741546385.8214262,-0.026697445733054923
1741546385.8371098,-0.01790260526346666
1741546385.85895,-0.009247218109738487
1741546385.8766131,-0.008212535732339401
1741546385.8933709,-0.0026961127633494644
1741546385.9083076,-0.001548063925551655
1741546385.9271152,0.001097631403364975
1741546385.9436178,-0.03335710828591428
1741546385.9660847,0.005487872711568472
1741546385.9817822,0.008530009490644266
1741546385.9995818,0.011689011771871566
1741546386.013764,0.013199214587464092
1741546386.0308785,0.013453824079991756
1741546386.0499132,0.014850934137564723
1741546386.0623507,0.014345508715901577
1741546386.0795026,0.013509708792625915
1741546386.0981429,-0.12910455634210283
1741546386.1117942,-0.01884491872922339
1741546386.1281505,0.007601443741559939
1741546386.1417742,-0.00147091214758404
1741546386.1539567,-0.028740634901101996
1741546386.167596,0.002046128254332265
1741546386.1858568,0.002192066784011775
1741546386.202823,0.005953293595443901
1741546386.2176828,0.008094013812246139
1741546386.2293975,0.009565384053515046
1741546386.2428136,0.010309067186673682
1741546386.2554603,-0.08239653345775963
1741546386.2703035,0.010015983508357015
1741546386.281808,0.008429113685166634
1741546386.2946944,-0.1012482366178853
1741546386.306254,0.0061403153530425365
1741546386.320552,0.05666086591967365
1741546386.3344417,0.004045476094148984
1741546386.352795,0.005798171686021366
1741546386.3648086,0.010006846622421073
1741546386.3777456,0.012133953015429834
1741546386.3975396,0.01404468012066858
1741546386.4084058,0.011072862614518376
1741546386.4199078,0.009555891304036505
1741546386.4316378,0.007888967722599931
1741546386.4482002,0.0064178524481497586
1741546386.4646106,0.0033123433993050497
1741546386.476175,0.00166196777862887
1741546386.4878392,-0.24316030862778637
1741546386.4992054,-0.0030405582520130967
1741546386.5112197,-0.0047843442430251445
1741546386.524689,-0.006385158243224062
1741546386.5373359,-0.00836502761154724
1741546386.551936,-0.012575719196849876
1741546386.5626361,-0.014237239184422663
1741546386.574065,-0.01491941596302604
1741546386.5851934,-0.4
1741546386.5962875,-0.014910222502016852
1741546386.6091943,-0.013721934396777706
1741546386.6215882,-0.012974398041034188
1741546386.6328123,-0.011945797461341098
1741546386.644299,-0.011024184360079597
1741546386.655276,-0.009529992891516036
1741546386.6659944,-0.006992452088378016
1741546386.6808038,-0.004311618880292452
1741546386.6931903,8.610353198089393e-05
1741546386.7041678,0.00198459359144745
1741546386.7168818,0.00402458198560272
1741546386.7322087,0.0079900330781486
1741546386.7509995,0.4
1741546386.7720385,0.4
1741546386.8003962,0.4
1741546386.8183682,0.4
1741546386.845951,0.4
1741546386.869356,0.4
1741546386.8979032,0.4
1741546386.9166074,0.4
1741546386.9394422,0.4
1741546386.961992,0.4
1741546386.9831374,0.4
1741546387.0144205,0.4
1741546387.0331917,0.4
1741546387.0560727,0.4
1741546387.0742178,0.4
1741546387.0926607,0.4
1741546387.1131532,0.4
1741546387.1371043,0.4
1741546387.1594167,0.4
1741546387.1868882,0.4
1741546387.231096,0.35245085758464856
1741546387.2564778,0.14309214081732247
1741546387.2750742,0.1344186683401507
1741546387.2985933,0.017668941946098027
1741546387.3350914,-0.0003541392955184186
1741546387.5986588,-0.19689776878004572
1741546387.6811595,-0.021779499479319456
1741546387.7007008,-0.27284581848934253
1741546387.715299,-0.09367487251923312
1741546387.742732,-0.24835062941826624
1741546387.7590864,-0.10762717653644027
1741546387.7786067,-0.0765096031411119
1741546387.7957268,-0.10210898772999921
1741546387.816287,0.03668985025063743
1741546387.8352883,-0.09486330791336452
1741546387.852516,-0.002206791314761647
1741546387.8742948,-0.13741088692364853
1741546387.8965623,0.003202264172700753
1741546387.913987,-0.1087701962190073
1741546387.9407191,-0.10366673905880841
1741546387.959959,-0.09018878491959502
1741546387.972719,-0.017819282945236603
1741546387.988998,-0.15200347261336944
1741546388.0040362,-0.06599194731755054
1741546388.02355,-0.015852349576392033
1741546388.0414958,-0.04371816799579187
1741546388.0595632,-0.027940367505908448
1741546388.078108,-0.011472919033558739
1741546388.0992677,0.004829428803136304
1741546388.1203146,0.01584123746726562
1741546388.1421282,-0.009949981204793623
1741546388.1577175,0.007041149467479801
1741546388.1790998,0.03639768990723735
1741546388.193597,-0.012686313959538342
1741546388.2112958,0.037419319664254935
1741546388.2250473,0.037848342765384624
1741546388.2440975,0.038294338877653766
1741546388.259402,0.03605467294987541
1741546388.276243,0.024417204742349874
1741546388.2942247,0.016804686247249512
1741546388.3154755,0.06633068180697776
1741546388.3358455,0.03052650513482691
1741546388.3491445,-0.0016917659297315257
1741546388.3650515,0.015449554421574918
1741546388.3819711,0.013547878122319057
1741546388.3968039,0.007987197048081152
1741546388.4104044,-0.055837842107107294
1741546388.4260645,-0.006530819444870994
1741546388.4439695,-0.01015156767238956
1741546388.4583726,-0.13762609041833818
1741546388.4726481,-0.020652213988907823
1741546388.491492,-0.02283394319908072
1741546388.5073528,-0.026586294238892805
1741546388.5191247,-0.02350735132296622
1741546388.5381873,-0.024323669852442498
1741546388.550729,-0.022511712525566278
1741546388.5645072,-0.021333244739657253
1741546388.5783498,-0.020252684116319974
1741546388.5916069,0.026214397709146242
1741546388.6072438,-0.016389027392961886
1741546388.6192057,-0.015163017901016262
1741546388.6329181,-0.012483530906128415
1741546388.6473687,-0.011033269273568846
1741546388.6601894,-0.009744201627695626
1741546388.671431,-0.006944436166715694
1741546388.6864545,0.046406872111194986
1741546388.6984694,-0.00407607488013495
1741546388.7126327,-0.0011271527277298965
1741546388.726181,0.16198952145316925
1741546388.7412107,-0.10207944628376818
1741546388.7557907,0.004743764235115799
1741546388.7684736,0.005191889334161592
1741546388.781131,0.005956879631431987
1741546388.7925398,0.006508029887630551
1741546388.8040369,0.00598771369684714
1741546388.817884,0.0040854641088163834
1741546388.8351462,-0.09075822994732663
1741546388.847812,-0.002265354363106819
1741546388.8611565,-0.006107197320077473
1741546388.8734047,-0.00791422973357414
1741546388.8843658,-0.009908397346706899
1741546388.8986917,-0.011743427740872114
1741546388.9110587,-0.15498621351848033
1741546388.9290416,-0.016014670983858004
1741546388.9399385,-0.016002745123476103
1741546388.9514544,-0.015610629333678405
1741546388.9624403,-0.23112226306488903
1741546388.973521,-0.32663898249743584
1741546388.9909463,-0.012731028440360559
1741546389.0016391,-0.007663825875457997
1741546389.0171905,-0.005473493006910246
1741546389.0295086,-0.0009265308232653258
1741546389.0410275,0.001637980798994576
1741546389.051246,0.005294799260641803
1741546389.0645444,0.010432549683336623
1741546389.0760462,0.2072819313579426
1741546389.086583,0.02594856994749617
1741546389.1002185,0.02594856994749617
1741546389.1286404,0.4
1741546389.1583607,0.4
1741546389.1840725,0.4
1741546389.2120743,0.4
1741546389.2413797,0.4
1741546389.2626941,0.4
1741546389.2947655,0.4
1741546389.3200328,0.4
1741546389.3490312,0.4
1741546389.3721642,0.4
1741546389.3916512,0.4
1741546389.4286842,0.4
1741546389.457597,0.4
1741546389.4793966,0.4
1741546389.5067346,0.4
1741546389.5352201,0.4
1741546389.5572057,0.4
1741546389.5801084,0.4
1741546389.5992775,0.15422898774083205
1741546389.623542,0.35021253337249636
1741546389.6537325,0.27265351409214716
1741546389.6777787,0.1873900673009532
1741546389.7033114,0.003619136280489599
1741546389.727885,-0.004741551448335103
1741546389.7514384,-0.0430472731839222
1741546389.7744708,-0.007664405796934393
1741546389.7949586,-0.0153027360456095
1741546389.8178372,-0.04813499472691163
1741546389.8354912,-0.2915443295620488
1741546389.8977761,-0.2020212146939162
1741546389.9192536,-0.04386721283631356
1741546389.9380713,-0.22484689137927827
1741546389.9585032,-0.09003373163789208
1741546389.9768121,-0.16100686968412825
1741546390.0002265,-0.0030273508135016947
1741546390.2476375,-0.004506215039726592
1741546390.2675312,-0.00039613817648476157
1741546390.28477,-0.001498067189230401
1741546390.306643,0.019340768091668625
1741546390.3293579,-0.0033829378938281525
1741546390.3505433,-0.020504079348452553
1741546390.3663015,-0.006174756898171818
1741546390.387605,-0.03185060073490842
1741546390.4048433,0.004101512851602429
1741546390.427739,-0.01121918347780504
1741546390.4493444,-0.011976549197548536
1741546390.4688365,-0.0004965959114504592
1741546390.4921238,-0.03022494958347899
1741546390.5118687,-0.029875832428604806
1741546390.5338783,-0.005178773306817153
1741546390.5587018,0.022074812698571925
1741546390.5796876,-0.007789501951382061
1741546390.5991604,-0.010363339702076146
1741546390.621105,0.020404994294474843
1741546390.6399226,-0.01456517234148702
1741546390.6581385,0.006201044324298799
1741546390.6802602,-0.0266263223579595
1741546390.6991928,-9.399249171648805e-05
1741546390.716763,-0.003241629039109295
1741546390.7332191,-0.010652549336026329
1741546390.7491057,0.0001114610095966917
1741546390.7660947,-0.004056830381544696
1741546391.0040188,-0.02243574310059282
1741546391.0213132,-0.024057781763628053
1741546391.0360415,0.023131547369755336
1741546391.0560684,-0.007913814090698246
1741546391.0742085,-0.013344976210144742
1741546391.0912285,-0.023733915173145274
1741546391.1051657,0.033763918695673106
1741546391.1231065,-0.0040970959142168075
1741546391.1368077,-0.010848765466139554
1741546391.152704,0.01761301857379527
1741546391.1688273,0.03675556861406839
1741546391.1828547,0.04327634592925936
1741546391.2014449,-0.020254841865439133
1741546391.2170045,0.04113980722832291
1741546391.2326672,0.04227125465784833
1741546391.2533126,-0.007479235159838726
1741546391.2690809,-0.026264028754263705
1741546391.2873964,0.01775778727325239
1741546391.303692,0.026232992677556657
1741546391.3190632,0.019350514674570073
1741546391.3402042,0.019412767895403495
1741546391.3565106,0.002325515677532831
1741546391.3723013,0.08523584177612209
1741546391.388393,0.007080853217491523
1741546391.4039977,0.0018796022953644353
1741546391.4202375,0.0004033187758509804
1741546391.4339015,-0.002489222326568452
1741546391.4493911,-0.003104557329287161
1741546391.4645972,-0.013214003859042478
1741546391.480616,-0.008591054005814946
1741546391.495891,-0.020240361258083508
1741546391.508718,0.018989304886939177
1741546391.52518,-0.013179305940355768
1741546391.5383713,0.023713695609422825
1741546391.5537338,-0.010647571269510436
1741546391.5726764,-0.009538893296444861
1741546391.5896683,-0.00717589875312763
1741546391.6079838,0.012884224850405523
1741546391.6218815,-0.00871281318737882
1741546391.636776,-0.005863258572745611
1741546391.650764,-0.007335923238303899
1741546391.6660717,-0.006436738650138719
1741546391.6794107,-0.0052026821057729045
1741546391.694015,-0.004330451322426487
1741546391.7091572,-0.004319543680809891
1741546391.7240944,0.06975809253956111
1741546391.7402735,-0.03105597004271512
1741546391.7536197,0.000539699117381609
1741546391.7675972,0.010067683679102934
1741546391.7832117,0.007571085883796069
1741546391.7980797,0.017865915297529147
1741546391.8103871,0.06192369915431531
1741546391.8235924,0.007771602637240771
1741546391.843339,0.007106973241881388
1741546391.857364,0.005173211782840248
1741546391.8717299,0.0026173924830241724
1741546391.883627,0.001289148991495015
1741546391.8967059,0.07469030396149945
1741546391.9098072,-0.0033596958260857512
1741546391.9251812,-0.004863657216481521
1741546391.939122,-0.0009705307777734263
1741546391.9537663,-0.009871796906112618
1741546391.967662,-0.011468582197800004
1741546391.9799411,-0.013584057555226625
1741546391.9951499,-0.024109329980058547
1741546392.0090268,-0.02219864467853494
1741546392.0246403,0.07400960212721364
1741546392.038056,0.004208997651194312
1741546392.051436,0.09979875862121768
1741546392.0630739,-0.08532730761984933
1741546392.0751524,-0.0429756151109493
1741546392.087146,-0.020040789180748586
1741546392.0984714,-0.018786387740652
1741546392.1110494,0.09961203659382756
1741546392.1228938,0.046302251743903344
1741546392.133901,-0.019616954175227796
1741546392.1457794,-0.020473520894535916
1741546392.1575024,-0.020601442553199754
1741546392.1721368,0.01685419063027105
1741546392.1854043,-0.01964421956843612
1741546392.1960375,-0.020485907997702026
1741546392.2108865,-0.022752209111315726
1741546392.2264798,-0.027545963843537604
1741546392.2383976,0.20783609016925197
1741546392.2525382,-0.03113057449204095
1741546392.265911,-0.04251396438925806
1741546392.277,-0.032926599820506185
1741546392.2872589,-0.03529901267000948
1741546392.2977283,0.0930187178368791
1741546392.3098614,0.08202315945364536
1741546392.3256087,-0.036183036988943124
1741546392.3374765,-0.055743044981321675
1741546392.3496923,-0.042732069030768004
1741546392.360888,0.016809865607697372
1741546392.3728302,0.15370949393849376
1741546392.3827155,-0.041448292750821986
1741546392.3928246,-0.04229070793876157
1741546392.4070055,-0.04328219129126889
1741546392.4201968,-0.0798407784094979
1741546392.4323614,0.3640885713653774
1741546392.443091,-0.10704774093225591
1741546392.4531903,-0.15365883485702114
1741546392.4641535,-0.04302257554951818
1741546392.474497,0.4
1741546392.4844258,-0.19400043820718896
1741546392.4953315,-0.04158132506521841
1741546392.5059803,0.4
1741546392.5159404,-0.03774826396207434
1741546392.5280414,-0.03496602616686362
1741546392.5389097,-0.025343877227363976
1741546392.5523467,-0.020938216002221566
1741546392.5645146,-0.01664656847897783
1741546392.5752442,-0.01305354727272734
1741546392.5856466,0.1420381000449338
1741546392.6124895,0.02939354587327747
1741546392.6407378,0.08480780117059641
1741546392.6741297,0.06256139562745514
1741546392.7092505,0.045999593737522826
1741546392.7893448,0.007154156068820416
1741546392.8239768,-0.001751730551688091
1741546392.8525522,0.03895139359130973
1741546392.8871465,0.0025678141593732384
1741546392.9194129,-0.0006067694752696086
1741546392.9471421,-0.002634342694645131
1741546392.9857392,0.0040869391088986795
1741546393.014064,0.005344354161199938
1741546393.0599115,-0.02349213872575895
1741546393.0866215,0.0009846118836072115
1741546393.1144807,-0.01671676090546148
1741546393.1438918,-0.018098109463503324
1741546393.1802506,-0.020846601323822433
1741546393.202943,3.054798529822378e-05
1741546393.2416458,-0.005255127730957821
1741546393.2655008,0.0015246038417973118
1741546393.2973568,-0.044047013068142515
1741546393.32922,0.008398185987637863
1741546393.3795843,-0.008369376112429716
1741546393.6498559,0.021635889668460084
1741546393.681002,0.023740923109364598
1741546393.7070074,0.030045554321557418
1741546393.7634115,0.0016706169094495846
1741546393.8042345,0.03410821223923399
1741546393.8238156,0.000446267023677116
1741546393.845917,0.028025984731063325
1741546393.872579,-0.00797796416989982
1741546393.898235,0.005791961150774849
1741546393.9250455,-0.009662994935279556
1741546393.941989,0.007059134591503202
1741546393.9636688,0.0037575335445434455
1741546394.0007763,0.0031293485687164946
1741546394.01805,0.002305312145069127
1741546394.0445163,0.001264656700992628
1741546394.0640194,-0.0007733090265737985
1741546394.0930889,-0.00335314189299174
1741546394.119163,0.008348560686518347
1741546394.1418567,-0.013008203969139487
1741546394.1600158,-0.012272531606570158
1741546394.1782928,-0.010841346142819841
1741546394.1990986,-0.008885625421624077
1741546394.2275925,-0.008897585731260538
1741546394.2477522,-0.007616544674664993
1741546394.2756698,-0.0112830543712521
1741546394.3244772,-0.0012922801047063892
1741546394.3435948,0.00625011356520444
1741546394.6103969,-0.0035591740145748396
1741546394.628726,-0.006717797637346923
1741546394.648337,-0.00991608343467254
1741546394.6637778,-0.01315777119145034
1741546394.681949,-0.034375276815484135
1741546394.707525,-0.01770564674226538
1741546394.727344,-0.020473144344434147
1741546394.7486553,-0.015620484021034109
1741546394.7662554,0.002017412187120815
1741546394.7814322,-0.010219320757081984
1741546394.8023555,-0.005111640284914287
1741546394.8160214,-0.0009308985593277086
1741546394.844034,0.0024477800235405134
1741546394.8594472,-0.020475344069834645
1741546394.8761892,0.0048417925198660505
1741546394.895539,-0.013298240867511524
1741546394.907548,0.008735921969221128
1741546394.9244468,0.009793013916139959
1741546394.9447224,0.010140634157267847
1741546394.9640608,-0.06828235497934568
1741546394.978463,0.010780783351337586
1741546394.9919355,0.008972166648931523
1741546395.007623,0.007720426427887617
1741546395.0220754,0.006529633783821431
1741546395.0383434,-0.02173474309518708
1741546395.0516722,0.003854718768832477
1741546395.0671492,0.003211287913864158
1741546395.081169,0.002461628747007616
1741546395.1011732,0.0002183764883794126
1741546395.121512,-0.0021775288649577007
1741546395.1351647,-0.0024002752661851368
1741546395.1492872,-0.003071561812777013
1741546395.1622746,-0.005041537538699181
1741546395.1829855,-0.0062111660366968025
1741546395.198906,-0.008744973480476759
1741546395.2197456,-0.008800740105207261
1741546395.2383943,-0.007333411557775893
1741546395.2566552,-0.005052549299503717
1741546395.2683527,-0.0023301285464669697
1741546395.283055,-0.0007792144800573554
1741546395.2969701,0.0006445321269850092
1741546395.3121722,0.003780145593985651
1741546395.3296416,0.0054827774578805055
1741546395.3425577,0.008795745813971134
1741546395.3603172,0.010405226532174794
1741546395.3738532,0.01356093624700394
1741546395.390961,0.013977715692362391
1741546395.4039683,0.01350097164451114
1741546395.4160798,0.012864836640464006
1741546395.4347215,0.010844027534749667
1741546395.4509196,0.009556175291610014
1741546395.4662042,0.006926382656282648
1741546395.478227,0.005618216165597101
1741546395.490533,0.0027055643471167734
1741546395.5050163,0.001109227252500844
1741546395.518753,-0.0003404406557652173
1741546395.531228,-0.0035150655867703935
1741546395.5480325,-0.005243665994487223
1741546395.5619369,-0.008638416259422854
1741546395.573954,-0.010310966394816656
1741546395.5868285,-0.012212295126724726
1741546395.6039739,-0.013653886640804025
1741546395.6168683,-0.014326580950102752
1741546395.6272643,-0.013395340306615378
1741546395.638988,-0.013395340306615378
1741546395.6512353,-0.011624781285410002
1741546395.6650248,-0.01046442373142842
1741546395.6765528,-0.009404942167496875
1741546395.6874,-0.006921611317053156
1741546395.702063,-0.006921611317053156
1741546395.7156937,-0.004247892782187178
1741546395.7275054,-0.0027506388889086963
1741546395.7427113,-0.0013916603401473717
1741546395.7554977,0.0016824668823804956
1741546395.7740188,0.0050474075867761314
1741546395.7850122,0.006969803855187528
1741546395.797667,0.008821274344009478
1741546395.8217323,0.4
1741546395.8592808,-0.30484481820634307
1741546395.8877301,0.4
1741546395.9096098,0.4
1741546395.9311483,0.4
1741546395.9493384,0.4
1741546395.9680684,0.4
1741546395.9864051,0.4
1741546396.0035048,0.4
1741546396.021198,0.4
1741546396.0362089,0.4
1741546396.0557458,0.4
1741546396.0711958,0.4
1741546396.396319,0.4
1741546396.4259965,0.07416272560560522
1741546396.4412224,0.09403936579675508
1741546396.4550512,0.044915791456322296
1741546396.4683223,0.06764917555930916
1741546396.4836884,-0.07548353311071576
1741546396.4988744,-0.04010495558411198
1741546396.5151227,-0.10041931957404769
1741546396.5301461,0.001267426809808292
1741546396.5419955,-0.1380295449330784
1741546396.5621645,0.061383527205624004
1741546396.5753133,0.09584683716827391
1741546396.5879064,0.04520526486102961
1741546396.6007452,-0.17960345386200793
1741546396.6139135,-0.18704557053741278
1741546396.6278226,0.018372914806486396
1741546396.6417637,-0.39773315303886936
1741546396.6573188,-0.2968368073684894
1741546396.6714122,-0.1480804763274316
1741546396.685649,-0.37163605571685254
1741546396.698451,-0.4
1741546396.7102034,-0.4
1741546396.7237854,-0.3373918898890246
1741546396.737824,-0.4
1741546396.7495177,-0.4
1741546396.7630596,0.026731089656418905
1741546396.7755036,-0.14466497698083455
1741546396.7887633,-0.3706681904392102
1741546396.8020384,-0.2008231957234261
1741546396.8138173,-0.3288163034593943
1741546396.827873,-0.4
1741546396.8390074,-0.4
1741546396.8555996,-0.18025193038151444
1741546396.869152,-0.38457969988207874
1741546396.8836565,-0.2862549235392646
1741546396.8969316,0.006014717113620227
1741546396.9078887,-0.15765049100816533
1741546396.92426,-0.10087902753771183
1741546396.9351728,-0.17636587136491677
1741546396.9490223,-0.1430343371993843
1741546396.9616249,-0.08466464277884467
1741546396.9743726,-0.05846442637278537
1741546396.9859397,0.12438240343116602
1741546397.0005171,-0.005570406022843422
1741546397.014376,0.03732268886214518
1741546397.0252461,0.2053574411712353
1741546397.0414042,0.07055186118134583
1741546397.055145,0.2849582120470777
1741546397.0669298,0.28281925245598916
1741546397.0784895,0.11193429075034822
1741546397.0898054,0.13743618249459155
1741546397.1017692,0.12927768545423923
1741546397.1167107,0.13087768968550773
1741546397.1302345,0.1272966100166386
1741546397.1426852,0.12258321907356429
1741546397.1547878,0.11710001966357055
1741546397.1672652,0.2114806762590924
1741546397.1781492,0.23416852772619112
1741546397.1901107,0.10916288359008197
1741546397.2025692,0.08260537894855036
1741546397.2148206,0.07370767729772076
1741546397.2258298,0.06434963696427863
1741546397.236807,0.4
1741546397.2472122,0.03032188226491428
1741546397.2575276,0.03032188226491428
1741546397.2689593,0.0035197455587141495
1741546397.2828314,-0.01010828189389712
1741546397.2936838,-0.023174791751709778
1741546397.3099067,0.4
1741546397.3215446,0.14944680050250803
1741546397.3374398,0.005990666722859972
1741546397.4114008,0.028003815160411616
1741546397.436528,-0.08328656855631955
1741546397.4495428,0.026043817351145918
1741546397.5756154,-0.010380899288540357
1741546397.5905356,-0.033715245379229535
1741546397.6043615,0.02785274276990135
1741546397.617076,-0.02682385244234009
1741546397.6292763,-0.11090357917007343
1741546397.64321,-0.06255426400555673
1741546397.6611693,-0.04919752043805947
1741546397.6746254,0.016356633904115903
1741546397.6877615,-0.11660229779949094
1741546397.699563,0.023116579179081942
1741546397.7125757,-0.11405556220310387
1741546397.724849,-0.11219282516182694
1741546397.7369986,-0.10980628359489786
1741546397.749579,0.017176615804952444
1741546397.761642,0.006363905068437204
1741546397.7757525,-0.10269795295372708
1741546397.7928703,-0.01560796942535303
1741546397.805805,-0.03632366817689903
1741546397.8188977,-0.087052281037731
1741546397.8337767,-0.07426900429088334
1741546397.8490815,-0.06900128066749978
1741546397.8631904,-0.057926888551877116
1741546397.8776345,0.031241162209387108
1741546397.8884966,-0.04222592888297716
1741546397.8996894,-0.009397870530077013
1741546397.9142458,-0.04538175578861648
1741546397.9263353,-0.01646817361819708
1741546397.9386542,-0.013557216238141878
1741546397.9496462,-0.008256269277101547
1741546397.9612482,0.03492295580067273
1741546397.9740353,-0.0005742645760475894
1741546397.9859693,0.07221624362904233
1741546398.0006437,0.0078418342736839
1741546398.011834,0.015084363094582276
1741546398.0233328,0.1683032865855687
1741546398.0358186,0.02018486920282614
1741546398.0513835,0.32078394179565883
1741546398.0629694,0.021119114383218562
1741546398.0770016,0.01926444441573727
1741546398.0896857,-0.05179062206947793
1741546398.1026945,0.013319332429217567
1741546398.113512,0.011694618262438006
1741546398.1259997,0.00966439765403071
1741546398.1370382,0.006740145695411481
1741546398.1496892,-0.35753663848274675
1741546398.1605728,0.04991145098510352
1741546398.1723552,-0.0029860988780292526
1741546398.1843808,0.2952438456720943
1741546398.1958728,-0.006901613040407817
1741546398.206692,-0.00890776504623969
1741546398.217842,-0.0107481158982905
1741546398.233368,-0.014855231199315533
1741546398.2434242,-0.01727173724500841
1741546398.2544832,-0.019524120454498473
1741546398.2663217,-0.02202183469881258
1741546398.2776377,-0.024104229491835886
1741546398.2890375,0.06742736752133327
1741546398.2992597,0.4
1741546398.3114414,-0.02722116742437808
1741546398.3233511,-0.02744989528870101
1741546398.3339052,-0.025974307533723984
1741546398.3662052,0.4
1741546398.4045289,0.4
1741546398.4436057,0.4
1741546398.4824867,0.4
1741546398.5192442,0.4
1741546398.5518138,0.4
1741546398.585242,0.4
1741546398.6195447,0.4
1741546398.6534753,0.4
1741546398.6914616,0.4
1741546398.7296855,0.4
1741546398.7631207,0.4
1741546398.798523,0.4
1741546398.8355799,0.2099666264296362
1741546398.8663356,0.11338103363163356
1741546398.9036012,0.013252858415117863
1741546398.9460056,-0.003670213407761913
1741546398.9829795,-0.002159095792193186
1741546399.0123513,0.001151882680475613
1741546399.0453901,-0.010681022363028647
1741546399.0811722,0.0026581537514620834
1741546399.115285,0.014720388064589779
1741546399.146953,0.04183150536193145
1741546399.1809528,-0.0015208836295006192
1741546399.2104254,0.008895986852632182
1741546399.2481518,-0.007732388656808864
1741546399.2814565,-0.001909777268847834
1741546399.3135753,-0.023750619737702428
1741546399.3523867,-0.06842723799216757
1741546399.3859239,-0.0007990006129891258
1741546399.415401,-0.003784932859669299
1741546399.4429276,-0.019657403358402326
1741546399.4713943,-0.043069207507453855
1741546399.5033557,-0.1095856877137394
1741546399.5336251,-0.021326690045657293
1741546399.562534,-0.002549359199851553
1741546399.593235,-0.0254061061142372
1741546399.6200607,-0.00893545583429231
1741546399.6487594,0.02063460139940944
1741546399.6763413,-0.06677676894448055
1741546399.7151148,0.008570693359313736
1741546399.7428255,-0.0014741378548131234
1741546399.7760985,0.0017760010725698244
1741546399.8033504,-0.0010746799364645954
1741546399.8375556,-0.009009297903461416
1741546399.870524,0.004720888539961686
1741546399.9084954,0.01759899646281758
1741546399.943126,-0.0004406528085361059
1741546399.9943545,0.0244991511521322
1741546400.0267236,-0.0011134265537325813
1741546400.0586722,-0.01752725393058583
1741546400.0873547,0.014416759630061872
1741546400.1164875,-0.0008460627690310488
1741546400.1465302,-6.413882404271432e-05
1741546400.1763182,-1.158736252816761e-05
1741546400.2120016,0.0037221190684356073
1741546400.238186,-0.0005078080222751871
1741546400.2719877,0.0016605496142053783
1741546400.3110414,0.011115223330499586
1741546400.3373492,-0.002800195939112342
1741546400.369168,-0.008749727729397534
1741546400.3968253,0.002020617280409226
1741546400.4483871,0.005563928845409821
1741546400.4743562,-0.02754166111390316
1741546400.500489,-0.004031928390529259
1741546400.5315762,-0.004113543334343792
1741546400.5594966,-2.789251940154419e-05
1741546400.585953,-0.00019855945054698954
1741546400.6190069,-0.03412126278711711
1741546400.6452672,-0.0167048719755281
1741546400.6734638,-9.087801508211868e-05
1741546400.7013645,0.003970062141712749
1741546400.725482,0.00441530263339809
1741546400.7516634,-0.000901944412698686
1741546400.7917898,0.008438320979110127
1741546400.8277712,-3.652961531023374e-05
1741546400.8621895,0.0007118488944840261
1741546400.892024,0.002218658860435655
1741546401.0018344,-0.002270762827853701
1741546401.0381956,-0.0134509121020253
1741546401.0702634,-0.004017997679638143
1741546401.0959187,-0.0073065634618801854
1741546401.1226664,-0.0010253941151595752
1741546401.1546218,-0.014238199756627611
1741546401.1795146,0.0038094986566904816
1741546401.2120843,0.0077828472920176105
1741546401.289104,0.0035628291859695627
1741546401.3115528,-1.0406786111524097e-05
1741546401.3376663,-0.0035699260173125795
1741546401.3682125,-0.0004338105761014614
1741546401.3954291,0.00028460604910207285
1741546401.4255772,0.012396763820440235
1741546401.4554973,-0.008957151511574911
1741546401.483305,-0.011941493943652664
1741546401.5125873,0.001873140337970182
1741546401.543544,-0.0013855987059869686
1741546401.5740035,0.0024794578447033294
1741546401.6012533,0.008508711072892944
1741546401.6300764,0.010055218178008661
1741546401.6609464,-0.0005133841924331514
1741546401.6909487,0.014507978954377249
1741546401.7142627,-0.021213326775913845
1741546401.7387395,-0.013146825085537448
1741546401.7628396,0.0024415679670065356
1741546401.7909138,-0.013666389228582706
1741546401.8182437,0.019168070904541958
1741546401.844194,-0.004834276336664042
1741546401.8767142,-0.019843709614861024
1741546402.025585,-0.01918464793743703
1741546402.053109,-0.003685297240210623
1741546402.0806248,-0.0042786113899654366
1741546402.1085978,0.0009556402541841537
1741546402.130716,0.004912323491854553
1741546402.1547964,-0.007083794388273173
1741546402.1755872,-0.002831164881298769
1741546402.2034574,0.0006685477766350178
1741546402.2231116,-0.0060401290741081675
1741546402.2441618,-8.66529980920799e-05
1741546402.2668455,-0.0018675091071248056
1741546402.2903666,-0.0025962331595633737
1741546402.316507,0.001503426340982334
1741546402.340485,-0.004398910488489306
1741546402.3682263,0.005754458712442992
1741546402.4082623,0.0251503079193474
1741546402.4286005,0.027514506577143272
1741546402.4569302,-0.006806409702928328
1741546402.4834774,-0.008656689509312003
1741546402.5084503,0.010817138100659488
1741546402.5373874,0.01918678742181162
1741546402.5567865,-0.004823354571912235
1741546402.577339,0.019582045396512742
1741546402.5960853,-0.020898317498225828
1741546402.6250744,-0.004223268024542141
1741546402.646808,0.007322185832258736
1741546402.6657922,-0.014370774213446591
1741546402.6954758,-0.011388771653963283
1741546402.7167027,-0.00422852958856626
1741546402.735838,0.0021979986197245257
1741546402.7543724,-0.0013885983191238602
1741546402.7763758,0.010696457314703508
1741546402.803847,0.020720563493660298
1741546402.8234425,0.023816759485119368
1741546402.8419535,0.027097918444954922
1741546402.8577907,0.006554288697616303
1741546402.8818626,-0.026461246319337196
1741546402.9207428,0.008222877362933869
1741546402.9426713,-0.008072207619426442
1741546402.9644074,0.0046674285850774235
