1741545717.214507,-0.0008311755153672242
1741545717.238843,0.015105594982466003
1741545717.2840772,0.03848608341016543
1741545717.309925,-0.0026298128046003417
1741545717.3305535,0.03383305187746846
1741545717.3544765,-0.01679143451119096
1741545717.3715608,-0.011969835173076551
1741545717.3907504,0.025346001803965706
1741545717.4174876,0.00204190729165216
1741545717.437105,-0.00392118525244651
1741545717.4599931,0.01908852912912567
1741545717.6620748,0.0017310943711389701
1741545717.6965487,0.020802467081678936
1741545717.7203205,-0.011472232510157703
1741545717.7426808,-0.0028154292202141676
1741545717.7742333,0.0002432982319374791
1741545717.7972188,0.009803385364731895
1741545717.823108,-0.012194128336062456
1741545718.0901859,0.012650928268091385
1741545718.116231,0.0010987730542413724
1741545718.1382947,0.00552081204141435
1741545718.1590323,0.01075807658667241
1741545718.1826434,0.027566220916021147
1741545718.2075074,-0.010939492860825274
1741545718.2246063,0.034901987619890176
1741545718.245247,0.010934192511125297
1741545718.2695308,0.0316583719872961
1741545718.2875357,0.016945200394780355
1741545718.3099082,0.028798971581919724
1741545718.329493,-0.005933629048519225
1741545718.3582585,0.02604984074567936
1741545718.379309,-0.009410391961471299
1741545718.4056437,0.025222954219992755
1741545718.4260402,0.011595143557991464
1741545718.4443674,-0.005363714812407529
1741545718.4739287,0.0021088539949052874
1741545718.4955866,0.02239830369847853
1741545718.5185964,-0.028044757181119685
1741545718.5364761,0.0027931449146499747
1741545718.558968,0.0002842547229016702
1741545718.5843153,-0.008784511411357707
1741545718.6338422,0.02338423900478328
1741545718.6566298,-0.016868751841662994
1741545718.67158,-0.012799399838470893
1741545718.6895676,-0.004201364709225833
1741545718.7084155,0.006723508306279151
1741545718.7236705,0.008474573523206711
1741545718.7435398,0.0006539216304646058
1741545718.7645056,0.0192699134297657
1741545718.7839923,-0.00886956800401288
1741545718.8013086,0.028475890753063213
1741545718.8211517,-0.009182556479507154
1741545718.8398995,0.006188054327209963
1741545718.8545938,0.02442167079762302
1741545718.8811398,0.017013199313777008
1741545718.9005766,0.00803624282476096
1741545718.9160964,-0.006364834921041199
1741545718.941244,-0.011952015265161754
1741545718.9575267,0.005475880654601903
1741545718.975264,0.00519412970797644
1741545718.9940672,0.008550928257505648
1741545719.010989,0.009035351486933796
1741545719.0283325,0.00459045725710832
1741545719.0512807,0.009776029528349703
1741545719.0728986,0.008205189613868784
1741545719.09102,0.01969059877177859
1741545719.1165817,-0.02430216814777679
1741545719.1394892,-0.015720321733011154
1741545719.1582215,-0.0005236737919623105
1741545719.1732013,-0.0028694791226673635
1741545719.193945,-0.004937698071514166
1741545719.209368,-0.004602344749462993
1741545719.2258215,-0.007862124692158847
1741545719.2387457,0.007202151876939407
1741545719.2563365,-0.022263994875763644
1741545719.2718394,0.0011111595186675954
1741545719.290587,0.0034284766379046455
1741545719.3056817,0.0054955834985830005
1741545719.3260021,0.0033171012040487465
1741545719.3416178,0.006058152478000935
1741545719.35787,0.006097730986885312
1741545719.3730378,-0.016262962685449318
1741545719.398561,0.003944340351738233
1741545719.4161315,-0.03549690793470008
1741545719.4294546,-0.023997104470439297
1741545719.4485173,-0.011758205532253256
1741545719.4673119,-0.002309382185062471
1741545719.491033,-0.03186276064849504
1741545719.5065448,-0.0023856851540202326
1741545719.5241635,-0.0015068808869799846
1741545719.5415823,0.00044815621133393463
1741545719.5554245,-0.05287743792073818
1741545719.575717,0.0037325309915226465
1741545719.5914583,0.007820075783385743
1741545719.608187,0.008545154724093743
1741545719.627069,0.011025591073657526
1741545719.6471515,-0.0063485904406262944
1741545719.6608102,0.017671074311711235
1741545719.6808352,0.019824303656819434
1741545719.6937191,0.019498821125356183
1741545719.7109532,0.018984434620246078
1741545719.7252944,0.01735307930726182
1741545719.7403147,0.016327498525409052
1741545719.7541509,0.014325101670045907
1741545719.7715402,0.013372086202954991
1741545719.7862651,0.0056277137830513455
1741545719.801293,-0.04009624415158624
1741545719.8172832,0.00787411147516083
1741545719.8347378,-0.004369581120281449
1741545719.8503642,0.004594577753150045
1741545719.8665779,0.002302169177925188
1741545719.880115,0.001053357412355932
1741545719.8994966,-3.0317988692248055e-05
1741545719.9175344,-0.0020941003067525485
1741545719.93505,-0.0020442269398177684
1741545719.9485538,-0.07754763673846612
1741545719.9668128,-0.005080750047906896
1741545719.9829578,-0.002546843876618951
1741545719.996022,-0.0053989809449947745
1741545720.0118597,-0.005649869920449746
1741545720.0255518,-0.04847869651698654
1741545720.0402799,0.002775211038353674
1741545720.0611966,0.0105949024318657
1741545720.073788,0.015590583708714254
1741545720.0937624,0.01744941212403647
1741545720.1057043,0.02251037038201227
1741545720.1215894,0.02530857380645847
1741545720.1341743,0.027952487232405766
1741545720.146552,0.028273361354840505
1741545720.1632588,0.028020992186087567
1741545720.1799986,-0.09870370934732534
1741545720.1915774,-0.037036378560253866
1741545720.203105,0.024831532358972168
1741545720.2160094,0.025524612262859334
1741545720.2316544,-0.0536619233990955
1741545720.249246,0.02164712615345293
1741545720.2650604,0.02432004002421241
1741545720.2785716,0.0265758817860446
1741545720.2911825,-0.006548621988414469
1741545720.3054614,0.029304727150827457
1741545720.3176289,0.030405673134939068
1741545720.332064,0.03125381775971754
1741545720.3448942,-0.036204797583740386
1741545720.3568711,0.030949181322569977
1741545720.3723516,0.03088028825456031
1741545720.3849099,0.032220229555464955
1741545720.3957746,0.03223646033643363
1741545720.4076135,0.03215603001332544
1741545720.4210393,0.03171769101134851
1741545720.4335978,0.030715264642863706
1741545720.4475856,-0.17831923204428515
1741545720.459879,0.029188247354954164
1741545720.4727798,-0.31223683888957415
1741545720.4878993,0.022245297248353342
1741545720.4997294,0.01970153956889812
1741545720.5110545,0.016347919349240132
1741545720.5218427,0.015135180750320254
1741545720.5351806,0.013816711100126791
1741545720.54807,0.0131299976678914
1741545720.5604117,0.013623276749437224
1741545720.5712585,0.013331707770381241
1741545720.585876,-0.11583004132593713
1741545720.597507,0.012296670387173988
1741545720.6092665,-0.01691905964476596
1741545720.6235454,0.0100674964154615
1741545720.6349592,0.009096235617401041
1741545720.6451051,0.008267929280850697
1741545720.6564507,0.007224408778373728
1741545720.668636,-0.021010641214783497
1741545720.680042,0.004590376465871612
1741545720.6924179,0.0048306707544382155
1741545720.7043831,0.005015771591835597
1741545720.7148266,0.004596736610561508
1741545720.7322843,0.004082857636153957
1741545720.7438626,0.11928389190295836
1741545720.7549458,0.0012042968558474004
1741545720.7682042,0.00016557195534804003
1741545720.7805219,-0.0023319464606434415
1741545720.7921948,0.16956100724755058
1741545720.8041413,-0.005139256586740207
1741545720.818962,-0.007118482263461484
1741545720.8490236,0.4
1741545720.8687801,0.4
1741545720.8916793,0.4
1741545720.915495,0.4
1741545720.9382977,0.4
1741545720.96253,0.4
1741545720.986041,0.4
1741545721.0125678,0.4
1741545721.042926,0.4
1741545721.0612452,0.4
1741545721.0911796,0.4
1741545721.12036,0.4
1741545721.1508155,0.4
1741545721.1744528,0.4
1741545721.203302,0.4
1741545721.221683,0.4
1741545721.4751577,0.030329779693546
1741545721.4981453,0.08824843686341244
1741545721.52412,0.05746343465582715
1741545721.5536962,-0.00723763363189045
1741545721.813099,-0.2957535927442332
1741545721.832774,-0.27694731255864546
1741545721.860497,-0.2770011130849699
1741545721.8795109,-0.21242774717940116
1741545721.8953013,-0.2765677320580109
1741545721.9171202,-0.2376074056858859
1741545721.938571,-0.06759193001906261
1741545721.9571934,-0.24599109425242083
1741545721.976629,-0.10748584901766
1741545722.0009775,-0.21222073861915414
1741545722.0234115,-0.10583381193531172
1741545722.0427082,0.010631690260000326
1741545722.0623174,-0.12777347385400392
1741545722.085137,0.0073950528550768
1741545722.107243,-0.002628674908521811
1741545722.1314824,-0.026779756226561258
1741545722.1588068,-0.04725346146955278
1741545722.1773443,0.0026142461393314775
1741545722.1956055,-0.012590546187801976
1741545722.2124467,-0.025784477197470238
1741545722.2405488,-0.023209679592195886
1741545722.2753022,0.0005054240731996451
1741545722.3135014,0.017733240524168137
1741545722.3329182,-0.009230915658331451
1741545722.3533263,-0.002130750184171415
1741545722.3700557,-0.007943266799495419
1741545722.3850315,-0.007260314154939217
1741545722.411156,-0.010500024095558835
1741545722.4280539,-0.021444572561277075
1741545722.4464648,-0.009290957283594192
1741545722.4643672,-0.02709397586640616
1741545722.4870434,-0.006367422972892944
1741545722.505396,-0.00789097978351272
1741545722.5812447,-0.010883242690266748
1741545722.5975654,0.0011349978819681361
1741545722.61913,0.002779142335016305
1741545722.6363869,0.010404236057751648
1741545722.6541443,0.012819784413727886
1741545722.9222744,-0.006830589902306006
1741545722.9426003,-0.012734813837945945
1741545722.9582646,-0.01527814332396038
1741545722.9822853,-0.017223249473421243
1741545723.0032074,0.10022806840018283
1741545723.0192528,0.008033681739548106
1741545723.0349905,-0.08125097170231356
1741545723.053796,0.039137295452068344
1741545723.0731258,-0.018464730188676445
1741545723.0911844,-0.01684634606378199
1741545723.1038482,-0.01727122718585394
1741545723.1570587,-0.016566959700192507
1741545723.1745348,0.005985653818111558
1741545723.1885223,0.00201285523352146
1741545723.2024608,-0.003783013815918723
1741545723.2177045,-0.002526695189385864
1741545723.2329047,-0.0014433059826501893
1741545723.2467554,0.0006083333082917974
1741545723.258917,-0.16881332088624057
1741545723.274311,-0.007196845987773593
1741545723.2929194,-0.015501278160430676
1741545723.311253,-0.0003495612313473284
1741545723.326347,0.001348728733928439
1741545723.3425343,-0.022572238642361242
1741545723.359615,0.007544148397219841
1741545723.3724964,0.009406264936956843
1741545723.3864818,0.012736022508427425
1741545723.4064338,0.014342048551621245
1741545723.4207382,0.015596413762870354
1741545723.4331105,0.01492169916405639
1741545723.4479973,0.01432829186975293
1741545723.4598832,0.012620948432869428
1741545723.4752991,0.012620948432869428
1741545723.4896133,0.010668274249999278
1741545723.5002198,0.00858798365929525
1741545723.5123172,-0.10134523468523793
1741545723.5248215,-0.04156989258700384
1741545723.540165,0.005228547722439414
1741545723.5544689,0.0029646782559802354
1741545723.5674999,0.06363692183608172
1741545723.5814788,-0.11345716158120189
1741545723.5942876,0.0025590464670850466
1741545723.6084268,0.0019497164152857405
1741545723.6207883,0.0051995761039906885
1741545723.6318715,0.005164231880410153
1741545723.6437228,0.0037150340336846725
1741545723.6557145,0.0019484436199155297
1741545723.6683466,-0.07120055331442708
1741545723.681333,-0.0022836155608503272
1741545723.6952338,-0.0037234130355718875
1741545723.7075493,-0.0049760995487349025
1741545723.7214212,-0.061207203318404124
1741545723.7331467,-0.009161566881641825
1741545723.745064,-0.010157955785575101
1741545723.755795,-0.010290095159279034
1741545723.7671134,-0.010158926247942457
1741545723.7783387,-0.009554351883813705
1741545723.7900121,-0.008938404724893712
1741545723.8025703,-0.005440185236905926
1741545723.8134115,-0.0031527625946072835
1741545723.8291707,-0.3839939559901202
1741545723.8399787,0.0018021429341710249
1741545723.8509994,0.0018021429341710249
1741545723.8624213,0.004715297810755414
1741545723.8726573,0.006250651448929334
1741545723.8847413,0.0076182322021276505
1741545723.8962414,0.009532094191258444
1741545723.9062307,0.012410055384142636
1741545723.917938,0.015322911160938093
1741545723.929366,0.017386333170431145
1741545723.9400897,0.018877813129536847
1741545723.9521677,0.01885065023695387
1741545723.9633892,0.018769320269469203
1741545723.973724,0.01834407827451745
1741545723.9850416,0.01801158200386821
1741545724.0037725,0.017427069005573115
1741545724.0153031,0.01635011278086207
1741545724.0283043,0.01588347739017082
1741545724.0388377,0.014736300234161838
1741545724.049384,0.014736300234161838
1741545724.0793533,0.4
1741545724.101083,0.4
1741545724.131048,0.4
1741545724.1603816,0.4
1741545724.1940908,0.4
1741545724.214422,0.4
1741545724.2467148,0.4
1741545724.2672205,0.4
1741545724.2927966,0.4
1741545724.3354242,0.4
1741545724.3578334,0.4
1741545724.3814695,0.4
1741545724.4014049,0.4
1741545724.4245975,0.4
1741545724.4447026,0.4
1741545724.4727402,0.4
1741545724.498534,0.4
1741545724.5290284,0.4
1741545724.5542467,0.4
1741545724.5819056,0.30175830366705414
1741545724.605845,0.4
1741545724.6367686,0.38956969408790565
1741545724.669699,0.030907349716178256
1741545724.6950512,0.13509694003899275
1741545724.718436,0.14819015909100397
1741545724.7366853,0.0012661008825833875
1741545724.7582772,0.003291603044992098
1741545724.782262,-0.006814988627688923
1741545724.8051393,-0.014533235926113885
1741545724.8489268,-0.009313840838278686
1741545724.8692288,-0.060828922470035796
1741545724.8927715,0.002728098840192761
1741545724.9215534,0.007000539173291465
1741545724.9413097,0.003882895596010183
1741545724.9645662,0.0028575089738347437
1741545724.982536,-0.0003890790712275383
1741545725.0080605,0.004192183405127725
1741545725.026415,-0.01090527323084256
1741545725.0455964,-0.007751341178597659
1741545725.0702245,0.005450047377171696
1741545725.0905983,-0.00505102547389269
1741545725.1152492,-0.0135670890275974
1741545725.1318338,0.006824610817352638
1741545725.1518624,-0.04482712672171685
1741545725.173175,-0.006399044793890863
1741545725.196719,-0.0018946390551901615
1741545725.2163308,0.00703175962097502
1741545725.2357945,-0.04806409454122873
1741545725.2700331,-0.019079444127469092
1741545725.290837,-0.0038035050265179393
1741545725.3302803,0.034879252164776275
1741545725.3452787,0.01933577462383873
1741545725.3671563,-0.012768673947014086
1741545725.3989575,-0.016113054677652894
1741545725.4209416,0.006946865335236031
1741545725.4468186,-0.0029679371060744586
1741545725.466441,0.0030737975040224796
1741545725.4857283,0.00541847139952889
1741545725.5034633,-0.0076945755970680985
1741545725.5209506,-0.0036224316962503167
1741545725.5400968,0.015685677745592486
1741545725.5578446,-0.0017533004967735797
1741545725.5817134,0.000419387825569828
1741545725.6011763,-0.05225491597281209
1741545725.622614,0.0076549894408395325
1741545725.639634,-0.013217780967490711
1741545725.659283,-0.013132726987266974
1741545725.6808727,-0.005769921207930739
1741545725.7038765,0.007826404983351853
1741545725.7213988,-0.008498228069491187
1741545725.7491746,-0.013776235705842854
1741545725.775101,-0.0027539480568683494
1741545725.8029351,0.006630927860996394
1741545725.8232715,-0.011375497722108108
1741545725.8398309,-0.0035307640127260065
1741545725.8727837,0.0006997176323109144
1741545725.8914313,-0.012425161161644827
1741545725.905653,-0.03866421500603969
1741545726.0160892,0.014277293737050114
1741545726.036056,-0.0025248466267999703
1741545726.0529604,-0.0014275790961058021
1741545726.072673,0.031409671053882704
1741545726.0958261,-0.02172933597021043
1741545726.1136782,0.035314270567427
1741545726.1294415,0.0025740902138728927
1741545726.1450403,0.006722519110863523
1741545726.1638882,0.005244202163709578
1741545726.1788008,-0.0007995172901633651
1741545726.194334,-0.00975362143691516
1741545726.2111273,-0.003464746033051469
1741545726.2291405,0.011295648128523794
1741545726.4993641,-0.007535900039554977
1741545726.5142891,0.0022909685360499314
1741545726.5355947,0.00849480752169951
1741545726.5542023,-0.010142033575127907
1741545726.5744662,-0.027370424627349867
1741545726.590677,-0.024833508216501234
1741545726.6093574,-0.0051613699900716625
1741545726.6287138,-0.0044199232870716365
1741545726.6448011,0.0037182032266973586
1741545726.6624932,0.002589213319462047
1741545726.6807106,0.011650106788661407
1741545726.694896,-0.012637751300173217
1741545726.713546,0.03317276573243966
1741545726.7311225,-0.017232371998567222
1741545726.7513518,-0.03847754850442822
1741545726.7710538,0.01053925945393841
1741545726.789956,0.005684324522841067
1741545726.805614,0.005717408883155972
1741545726.820066,-0.03230360979347704
1741545726.8343961,-0.00976026150222431
1741545726.8488424,-0.029597134471899513
1741545726.8681512,-0.04355875700175129
1741545726.8826683,-0.04375053651884666
1741545726.8967123,-0.0409745788861813
1741545726.911778,-0.004568601674740158
1741545726.931818,-0.03794399078163149
1741545726.945081,0.0015728124980256553
1741545726.960024,-0.0027839159983567008
1741545726.9786484,0.003487409911128392
1741545726.9940586,0.004977050784447101
1741545727.0142229,0.008409546533639565
1741545727.0272884,-0.0137553081771431
1741545727.039761,-0.013605363902343903
1741545727.053058,-0.013818789000656029
1741545727.068221,-0.013992443307257574
1741545727.0815125,-0.0020425336780260928
1741545727.0980997,0.0009192328194687072
1741545727.1119068,-0.005010627550003033
1741545727.1281195,-0.019362517238146193
1741545727.1441848,0.03642541583587569
1741545727.159647,-0.017061784564358362
1741545727.1750062,0.006660195305524308
1741545727.1902468,-0.0008650111860433185
1741545727.2040212,-0.03289950750387804
1741545727.2194295,-0.015125072304580822
1741545727.2329662,-0.007305321393107356
1741545727.2492628,-0.008820189641572275
1741545727.2683294,0.008709874907728123
1741545727.2839613,-0.010358824551960577
1741545727.297621,-0.012233437712303008
1741545727.3126595,0.0028410498599416023
1741545727.3300073,0.0008835061070255891
1741545727.3477275,-0.00544098600583931
1741545727.3610291,0.0010671817856802157
1741545727.378486,-0.001228637130807897
1741545727.3979304,-0.0009002292232649367
1741545727.4122367,-0.0017722065865592995
1741545727.428193,-0.00659792580036811
1741545727.4431994,-0.0026557182358182274
1741545727.4586208,-0.0018404059411074591
1741545727.472883,-0.011636986622150847
1741545727.4877903,0.00537349075243565
1741545727.5016038,0.07477316673156079
1741545727.5156684,0.019738020838159898
1741545727.529593,0.005664741421601338
1741545727.5432465,-0.02502698661700231
1741545727.5571668,0.029234334399276918
1741545727.5730257,0.010282041977779599
1741545727.5868464,0.008402851296259062
1741545727.6000974,-0.03741925024824688
1741545727.6150615,0.0036522896915762715
1741545727.6285605,0.06202296406213595
1741545727.6455383,-0.051936482118610794
1741545727.6599407,0.022950101820707225
1741545727.6756957,-0.0038597310330179546
1741545727.6920652,-0.004999432226856282
1741545727.7058349,-0.09659425343236094
1741545727.7179017,0.07988397714519048
1741545727.7312145,-0.013508847584247086
1741545727.7450871,-0.01658035226914123
1741545727.7559698,-0.016852029098284756
1741545727.7735975,0.05955256850995052
1741545727.786953,0.028519329174541384
1741545727.8003287,0.07625502253622177
1741545727.8114867,-0.008878957508828833
1741545727.8232858,-0.007628384525347531
1741545727.8354404,0.07351616735623903
1741545727.8473032,-0.055645806248789675
1741545727.8630173,-0.009951961197890657
1741545727.875088,-0.029216036753702213
1741545727.887294,-0.004276895082228726
1741545727.8994472,-0.011474072619131803
1741545727.9148355,0.07865503909858543
1741545727.9282568,-0.016293468673590276
1741545727.946214,-0.13833861544979564
1741545727.9588146,-0.006859574748323549
1741545727.975661,-0.015420160090900303
1741545727.9906538,-0.016773525550997977
1741545728.002376,-0.014632677807859373
1741545728.0160973,-0.013967933271004984
1741545728.0290654,-0.06450087531733661
1741545728.0419886,0.11931534968085725
1741545728.0543976,-0.007198387363651637
1741545728.0660028,-0.005966923663737855
1741545728.0765226,-0.004619369559383468
1741545728.0888264,-0.1107790624785312
1741545728.1027308,0.0009253108311075842
1741545728.1158519,-0.14162162067744608
1741545728.12734,0.009470981651462207
1741545728.1445875,0.013226986761406325
1741545728.1564214,0.018824756001490695
1741545728.1676965,0.09447890727681621
1741545728.1796281,0.26152257991391026
1741545728.190992,0.28289499191504963
1741545728.2039733,-0.08747013358071731
1741545728.216302,0.045915612551960194
1741545728.2281244,0.18381913307602663
1741545728.2396371,0.05252742428637891
1741545728.2523682,0.37549479823103155
1741545728.2634308,0.04401513827682857
1741545728.275202,0.10669706423048833
1741545728.2888181,0.028024568968497032
1741545728.3003392,0.15893360000154846
1741545728.3155544,0.003855552856354194
1741545728.3257854,-0.0047411067224345516
1741545728.3372965,-0.013849140201906085
1741545728.3484938,-0.022824255953927786
1741545728.3588374,0.21076326515787283
1741545728.3696055,-0.038326329955290284
1741545728.38038,-0.053777974537393435
1741545728.391155,-0.06176236853883068
1741545728.4018157,-0.25031382677228664
1741545728.413379,-0.07484392313771983
1741545728.4246132,-0.4
1741545728.4400938,-0.19282277949492266
1741545728.4511552,-0.4
1741545728.4618747,-0.08845350865874681
1741545728.4734042,-0.08824076336060951
1741545728.4835377,-0.4
1741545728.493872,0.4
1741545728.5065126,-0.07822903729070087
1741545728.517043,-0.07198019113452528
1741545728.5273545,-0.06406987344297832
1741545728.5386279,-0.054474331575911535
1741545728.5494514,-0.3181681527444198
1741545728.5598423,-0.023031985582570247
1741545728.570797,-0.012259212021099142
1741545728.5807664,-0.002182493907410876
1741545728.591381,0.006823028088506878
1741545728.6030922,0.014188655881898882
1741545728.6132886,0.019924088992118616
1741545728.6257102,0.02540370128231295
1741545728.6363552,0.031377206908797195
1741545728.6463506,0.037225014784406874
1741545728.6569839,0.042310075030544514
1741545728.6676276,0.04619903810744708
1741545728.6782653,0.4
1741545728.6896117,-0.01072682669148417
1741545728.7309277,0.055102465848412496
1741545728.7614844,-0.0004117641229197666
1741545728.7990026,0.0025018829996055203
1741545728.8236544,0.01003476324709629
1741545728.8630266,-0.002609988533458729
1741545728.939304,0.10036497211651188
1741545728.9651902,0.0954227756449966
1741545729.2473357,0.00011738809506800507
1741545729.2777255,0.012806440871107494
1741545729.3106563,-0.00433233393882837
1741545729.343905,-0.0013009704712234618
1741545729.36533,-0.010327044452513867
1741545729.4090137,0.005405763213031545
1741545729.4537516,-0.06055629766084314
1741545729.4790294,0.013435700910492622
1741545729.5013542,-0.030942602259594665
1741545729.5273798,-0.032552713060106875
1741545729.551988,0.0008611366544393206
1741545729.5840592,0.009253345130148194
1741545729.6176052,0.0057776560182682965
1741545729.6442263,-0.06396162185760534
1741545729.7082229,0.03132613538021899
1741545729.7435136,-0.06544000687141871
1741545729.7706666,-0.06670523130162742
1741545729.7964737,-0.009081717823872903
1741545729.8226852,-0.030987256483003375
1741545729.851839,-0.00021925830195712592
1741545729.9637952,-0.006831614423576049
1741545729.9884207,0.007956651542416093
1741545730.0196006,-0.005040044459874604
1741545730.047321,-0.0027397947513501113
1741545730.0839376,0.000335790095682853
1741545730.1054378,0.0005865977859964566
1741545730.1723666,0.0020169652058030785
1741545730.201388,0.0015603840206845911
1741545730.2229261,0.00011221815852113792
1741545730.2505667,0.022953353088326356
1741545730.2709,-0.007019935773920238
1741545730.295508,-0.04207453651147144
1741545730.3183503,0.0007679561290907522
1741545730.3700628,0.009993233349338215
1741545730.3893304,-0.0035552488167995833
1741545730.4178884,-0.007930881666679214
1741545730.4445574,0.0011810937244849384
1741545730.4716175,-0.011220024739306833
1741545730.4914186,-0.009784805184835044
1741545730.5295022,0.02482631989904327
1741545730.5498722,-0.008727035171324449
1741545730.5659351,-0.0016480195474293247
1741545730.588761,-0.001764125984403897
1741545730.6086295,-0.007585245311553912
1741545730.639626,-0.0009263603931368714
1741545730.6591156,-0.004951594876023702
1741545730.680943,-0.009197790372418968
1741545730.704963,-0.014906194456852706
1741545730.7255132,0.0016599738653120255
1741545730.7530107,0.0009963278060212133
1741545730.7796502,0.006850763374065316
1741545730.8071332,0.0018158868078512744
1741545730.8280134,-0.007572487017946994
1741545730.8576787,0.008036248037242899
1741545730.8842587,0.005963063886007981
1741545730.9078789,0.003010624854563826
1741545730.9307282,0.0024866416704441008
1741545730.9530537,0.004463557074858127
1741545730.9808514,0.003212600719419534
1741545730.9990926,-0.030766965392798683
1741545731.0196881,-0.000822429819567816
1741545731.036271,-0.004173628271388008
1741545731.055102,-0.005433715214616442
1741545731.0786278,0.0021686012631123575
1741545731.0996447,-0.008580454673877025
1741545731.1214967,-0.0075626204077559045
1741545731.1413803,-0.004860506096242112
1741545731.1688712,-0.0029940039016937985
1741545731.1856556,-0.0026200263822970804
1741545731.2036777,0.007160835156307055
1741545731.2274497,-0.0001700719727248945
1741545731.2490606,-0.0008810682684168292
1741545731.2710423,-0.0012939373777927088
1741545731.2906282,0.0062529301821712124
1741545731.310493,0.006840149287334452
1741545731.3337157,0.008497528438792479
1741545731.3538167,0.0106134463893115
1741545731.377052,0.011304774710798602
1741545731.399887,0.0102729461596347
1741545731.4436202,0.007594753330633086
1741545731.467532,0.003202334725707967
1741545731.4915075,-0.0003413526632480846
1741545731.507949,-0.0026858480581291033
1741545731.5258663,-0.005057192936744226
1741545731.5441513,-0.006165900116676504
1741545731.568385,-0.008576528168598774
1741545731.59072,-0.017990106301139175
1741545731.6103776,-0.009717940518564118
1741545731.6390178,-0.007981198215802898
1741545731.66345,-0.005920697885142712
1741545731.6772785,-0.0026688308801001703
1741545731.698117,-0.03974603977071236
1741545731.7250373,0.0008876208510977257
1741545731.741735,0.004347730767621183
1741545731.7551188,0.006749954181468176
1741545731.7726574,0.008357120014006014
1741545731.7879333,0.013550061295590776
1741545731.8075564,0.01966725091694599
1741545731.826337,0.005054484501863854
1741545731.8409638,0.022496095024814533
1741545731.8582454,-0.005141584665901978
1741545731.882833,0.02082588643709382
1741545731.901546,-0.0034316356431314254
1741545731.9186015,0.01610499086439976
1741545731.9341393,-0.004763938632163177
1741545731.948413,-0.0017338456962527893
1741545731.9693868,0.014124687289929662
1741545731.987162,0.014353481138707824
1741545732.0098135,0.014322760673524114
1741545732.0328736,0.014682943807205806
1741545732.044098,0.014711570437965005
1741545732.0604277,-0.005050073573988456
1741545732.0766072,0.012689848085612798
1741545732.0922632,0.017900944508641548
1741545732.108174,0.009616874041826762
1741545732.1225317,0.007456817868642496
1741545732.13618,0.006747050661621401
1741545732.1585596,0.0068755396255433246
1741545732.1735291,0.006453334203945893
1741545732.192743,0.0049466102760811195
1741545732.2114358,0.00296867419243263
1741545732.2239845,0.0007740556767599216
1741545732.2446923,-0.00028125166854309214
1741545732.2602742,-0.0026263386018627877
1741545732.279718,-0.005031980503400035
1741545732.2952254,-0.006342013024566384
1741545732.3089142,-0.008823845452055057
1741545732.3214083,-0.00970193242383166
1741545732.3382967,-0.009461693112839953
1741545732.3574595,-0.008764226734203628
1741545732.3750265,-0.007055510006142907
1741545732.3957381,-0.005008142934827209
1741545732.4100704,-0.0299203393908134
1741545732.4216313,-0.0004985616414443506
1741545732.4359925,0.0005886156638266193
1741545732.452269,0.000697328266259678
1741545732.4668841,0.004287625408808449
1741545732.4820147,-0.04412306670904822
1741545732.5000622,0.007935045243082415
1741545732.5211112,0.010185277331856037
1741545732.5408683,0.010008514151335746
1741545732.553892,0.008957209943935673
1741545732.57233,-0.0784594429515473
1741545732.5867808,0.0091986628846068
1741545732.5994246,0.008712041079308896
1741545732.6135356,-0.11337569928824845
1741545732.6274543,0.005985962422230262
1741545732.6408274,0.06218222477078417
1741545732.6532004,0.0028395809833252628
1741545732.6667416,0.0016096238546388086
1741545732.6782422,0.0005347985208534745
1741545732.6898832,-0.0007382354374660949
1741545732.7034645,-0.0034798481001931947
1741545732.716661,-0.005998585963308933
1741545732.730892,-0.008501731955159906
1741545732.7425597,-0.01236715841801761
1741545732.755674,-0.013958340710433337
1741545732.7717116,-0.015648806877418764
1741545732.7843683,-0.01706175103077978
1741545732.8021226,-0.01703742337179737
1741545732.819005,-0.01601139228139914
1741545732.8316662,-0.01518055704393051
1741545732.8452928,-0.0134643359828277
1741545732.8578644,-0.012623401807277723
1741545732.8755162,-0.011570093246083601
1741545732.8890717,-0.009569292110962024
1741545732.900452,-0.007485825892351361
1741545732.9122298,-0.006505284262643407
1741545732.9255772,-0.27204014360649986
1741545732.9379218,-0.004302291575814188
1741545732.950145,-0.0030774989848225687
1741545732.9626,-0.000738205266121561
1741545732.9762797,0.00041738605134877815
1741545732.9908915,0.001844740272933798
1741545733.0021863,0.004457018530765301
1741545733.0143676,0.005683700595354058
1741545733.0274332,0.007115394958796095
1741545733.0425808,0.00839858806206939
1741545733.0563674,0.010944450800923102
1741545733.0670495,0.01113631150431571
1741545733.077974,0.011079104436783282
1741545733.0897706,0.010556374671326642
1741545733.1030097,0.009193286329225447
1741545733.1144738,0.00845125089436838
1741545733.1286101,0.007456551381042065
1741545733.1395254,0.006594636410888199
1741545733.1521704,0.005499501333888989
1741545733.1626592,0.003367429468207117
1741545733.1741743,0.002330743774810351
1741545733.1850166,0.001056547951188591
1741545733.1962552,-7.893858123120268e-05
1741545733.2089803,-0.0014643305586399258
1741545733.2194655,-0.00424871488213352
1741545733.2294328,-0.00424871488213352
1741545733.2448056,0.4
1741545733.2629166,0.4
1741545733.2879934,0.4
1741545733.3398075,0.4
1741545733.3583977,0.4
1741545733.4409359,0.4
1741545733.4589117,0.4
1741545733.4759018,0.4
1741545733.492294,0.4
1741545733.5110106,0.4
1741545733.5293581,0.4
1741545733.544468,0.4
1741545733.5624983,0.4
1741545733.5797632,0.4
1741545733.5960772,0.4
1741545733.6122441,0.4
1741545733.63357,0.4
1741545733.6469269,0.4
1741545733.6607401,0.4
1741545733.6775255,0.4
1741545733.6928594,0.4
1741545733.7046125,0.4
1741545733.7218204,0.4
1741545733.7347715,0.4
1741545733.7497184,0.4
1741545733.7634807,0.4
1741545733.7874064,0.4
1741545733.8011255,0.38830844432714584
1741545733.8178027,0.33494712352346623
1741545733.8321257,0.2994766603813557
1741545733.8671708,0.2720140165846354
1741545733.8844092,0.19127457579740925
1741545733.901927,0.09808379188448368
1741545733.9193845,0.03740850042797428
1741545733.9333987,0.024435563670222923
1741545733.9502726,0.024590351539044653
1741545733.9635718,0.00137475672707299
1741545733.9777882,0.022246190295367677
1741545733.9897454,-0.04523006736527324
1741545734.005412,-0.021431731835504175
1741545734.019542,-0.029358275026875047
1741545734.0341616,-0.003921383805463696
1741545734.0485935,0.002983833858799523
1741545734.0631096,0.05447645502723319
1741545734.0787783,0.07130310858811573
1741545734.0906887,-0.004381009196622321
1741545734.1076605,0.09677687196257279
1741545734.1197114,0.09285215956733572
1741545734.1353793,0.028002700211972265
1741545734.1479032,-0.11157712087075766
1741545734.160941,0.06530653391887364
1741545734.176026,0.10307635073782473
1741545734.1897945,-0.14537739246112458
1741545734.2054574,-0.15441023786749586
1741545734.2186837,0.1160078238281248
1741545734.2346413,-0.03305350039970789
1741545734.2473302,-0.17193127519251927
1741545734.2602603,-0.17629355857859452
1741545734.2737315,0.15339014906582557
1741545734.2882817,0.02892069379732165
1741545734.3008797,-0.13099920686891012
1741545734.311744,-0.10151488842976097
1741545734.3253284,-0.1938998754556542
1741545734.3376093,-0.19368194538553782
1741545734.349642,0.09024891694060888
1741545734.3638449,-0.18893529467060954
1741545734.3790793,-0.13643699922809627
1741545734.3911808,-0.08907983653461815
1741545734.4044998,0.11685653165850374
1741545734.4195287,-0.05060260735331146
1741545734.432099,-0.15413448995165857
1741545734.4454288,-0.13852422335225412
1741545734.4619863,-0.13105517030985547
1741545734.4728487,-0.11613086505128156
1741545734.484634,-0.09602916463421463
1741545734.499122,-0.10474911412682553
1741545734.511547,-0.1009789313326217
1741545734.5241487,-0.09319357357641977
1741545734.5426595,-0.04513175703979577
1741545734.558489,-0.07388827432365574
1741545734.5708115,-0.06708263305945983
1741545734.5847623,-0.053300159959629
1741545734.5950558,0.02383450794095654
1741545734.6065228,0.02371278172968805
1741545734.6198401,-0.033892086993333674
1741545734.633864,-0.024926332742233548
1741545734.646203,-0.02001625058627443
1741545734.6580098,-0.015354062591195206
1741545734.6738148,0.0292756580550817
1741545734.68808,-0.008515894725928952
1741545734.7016397,-0.007120560656373343
1741545734.7133303,-0.006330054793567408
1741545734.7273893,-0.005291946252273361
1741545734.7414293,0.10117962404593861
1741545734.7531385,0.20881475166050856
1741545734.7654145,-0.0010569747118509554
1741545734.7781386,0.00043323295040464954
1741545734.789286,0.20400432809743863
1741545734.8010464,0.278946465252476
1741545734.8132617,0.153293631453433
1741545734.827882,0.20200347901562576
1741545734.841357,0.03906272260055088
1741545734.8519363,-0.0012505245681069255
1741545734.8626473,-0.003146759768998697
1741545734.875965,-0.006343505126081617
1741545734.8998797,0.04185608568682398
1741545734.9118218,-0.026281381029347184
1741545734.9222183,-0.04539155943432882
1741545734.933735,0.07767384294681134
1741545734.9442217,-0.06358104964477063
1741545734.9561777,0.09259597369610394
1741545734.967753,-0.07759938273292111
1741545734.9780693,-0.08375202012773088
1741545734.988721,-0.08922729260142681
1741545735.0007682,-0.09670061800973029
1741545735.0120945,-0.09944406203807454
1741545735.0244124,-0.10169551023765999
1741545735.0377405,-0.10396868118028933
1741545735.051606,-0.10571097027311005
1741545735.0625567,-0.10537042026710863
1741545735.073034,-0.09670386416452126
1741545735.0839508,-0.09970977440610929
1741545735.09901,-0.09574640407683233
1741545735.110273,-0.09154155574992862
1741545735.1209905,-0.08206394399743289
1741545735.1320958,-0.07688654502725002
1741545735.1420298,-0.07169232401612136
1741545735.1530416,-0.17282939932079366
1741545735.164906,-0.06084762508488617
1741545735.176231,-0.05631163693740926
1741545735.190596,0.04257068948330156
1741545735.2132387,0.006800397003209335
1741545735.2341573,0.02104481377470857
1741545735.2479424,-0.05285431755695847
1741545735.2617912,0.07422588822672882
1741545735.3691037,0.07931943194912394
1741545735.394381,-0.0013584429289561495
1741545735.4061184,0.09667955807110795
1741545735.4206083,0.07546938538100179
1741545735.4344497,0.06547941330727602
1741545735.4510348,-0.034670783969116714
1741545735.466683,0.04341244582601678
1741545735.4840178,0.08409805572710405
1741545735.4973695,0.03217724297936563
1741545735.5119085,0.028387304440543822
1741545735.525664,0.01532623835056035
1741545735.5399485,0.01003273234340818
1741545735.5519562,0.0009412111273154888
1741545735.5643086,-0.00426373222589893
1741545735.5795603,-0.009286168519714977
1741545735.5943916,0.04143948316434054
1741545735.609118,0.00019826071347694985
1741545735.6218417,0.0026844984196550126
1741545735.6373293,-0.0010769410398614454
1741545735.6484244,0.006607134724392339
1741545735.6595721,-0.02372908419628894
1741545735.6721299,-0.023513043633264678
1741545735.6866887,0.02401923939118511
1741545735.6994412,-0.012336692554849593
1741545735.713643,-0.026880837724882367
1741545735.7278943,0.043604159220108185
1741545735.7402174,-0.029347081246706264
1741545735.7524288,-0.006662872824614308
1741545735.7690737,-0.0026362837129987327
1741545735.7803943,-0.030975001130437493
1741545735.792552,-0.031087527408549143
1741545735.8052287,0.009294644851926437
1741545735.8179336,-0.02372806778231218
1741545735.8302798,-0.016622309402698043
1741545735.84473,0.031607342784832904
1741545735.8571107,-0.03108620496409964
1741545735.8717124,0.07975061881675716
1741545735.8839467,-0.030420298460058115
1741545735.8969302,-0.03082773054679455
1741545735.9082088,0.0012935341392701358
1741545735.9202478,-0.025643282186338157
1741545735.932949,-0.03204735873534048
1741545735.9443986,-0.03200575695643804
1741545735.956613,0.040768895433829215
1741545735.969295,-0.031309014347046915
1741545735.9810944,-0.03175871153980481
1741545735.9966445,-0.03228512236731307
1741545736.007836,0.0753981061667468
1741545736.0247657,-0.03119803945480104
1741545736.0358953,-0.029246185721091278
1741545736.0476713,-0.005802707583645318
1741545736.0627303,-0.02801320411678465
1741545736.076096,-0.024131267060433892
1741545736.0918443,-0.02205205490074902
1741545736.103757,-0.01908985036912192
1741545736.1164756,-0.01797494105832942
1741545736.1319966,-0.016775773094923396
1741545736.1425052,-0.014701014363236009
1741545736.1559086,-0.013784430501212253
1741545736.1708875,0.06274269484388562
1741545736.1837811,0.08166724379631796
1741545736.1943758,-0.0097423968711452
1741545736.2051227,-0.008615289989729824
1741545736.2162275,-0.007653186694669856
1741545736.2272797,-0.0064931628107627315
1741545736.2418582,-0.005817031038764631
1741545736.2523649,-0.008524332784671795
1741545736.2638934,-0.012389588809239793
1741545736.2749555,0.3088439705970685
1741545736.2855477,-0.020619811431338952
1741545736.2967784,-0.02328416059869287
1741545736.3097792,-0.024625210510766937
1741545736.3201978,-0.025434749056987286
1741545736.3306775,-0.025342537350194316
1741545736.3414254,-0.02492135407130047
1741545736.3531518,0.4
1741545736.3641436,-0.024010533275684365
1741545736.375818,-0.15165607755991986
1741545736.3866968,0.3010817439543161
1741545736.4073884,-0.022465703011129712
1741545736.418072,-0.02130837414728548
1741545736.4281416,-0.02062802402405617
1741545736.4390283,-0.018706100327543718
1741545736.4498186,0.0845622210229573
1741545736.4601474,-0.014213708277273085
1741545736.4713457,0.4
1741545736.4817054,-0.011376608936199295
1741545736.492139,-0.010360327388789115
1741545736.5031438,-0.009252592496253209
1741545736.5133626,0.4
1741545736.523866,0.4
1741545736.5358057,0.4
1741545736.5469549,-0.00924007724996212
1741545736.5582495,0.4
1741545736.593257,0.4
1741545736.6419554,0.4
1741545736.6857154,0.4
1741545736.7287169,0.4
1741545736.76661,0.4
1741545736.7986882,0.4
1741545736.8282971,0.4
1741545736.874696,0.12968912089525242
1741545736.9095592,0.4
1741545736.947956,0.37766410281303553
1741545736.9844558,0.4
1741545737.0262349,0.4
1741545737.0594728,0.4
1741545737.0888886,0.31395016221373573
1741545737.1211605,0.3445939044844792
1741545737.1543055,0.19672108160127313
1741545737.1873188,0.16557957166785342
1741545737.2312295,-0.026168845298572246
1741545737.2630975,0.0003019840675260038
1741545737.2965386,0.0029780179674399263
1741545737.3329136,-0.0038978399392791026
1741545737.3620958,0.011750050090804652
1741545737.407969,0.0006652067378298284
1741545737.4378204,-0.0005834452120064143
1741545737.4741325,0.004235614059472398
1741545737.5054438,0.009978279442647797
1741545737.5439062,-0.0078769959211165
1741545737.5903466,-0.012025809059033292
1741545737.622086,-0.004580698393343182
1741545737.6499934,-9.195666642681372e-05
1741545737.688201,0.010718028224622034
1741545737.7188988,-0.003135889982781963
1741545737.7450929,-0.0017377083298183158
1741545737.7737567,-0.005022066911457098
1741545737.8102112,0.010112329888307726
1741545737.8495471,0.00048150488644014763
1741545737.88226,-0.007889284196978296
1741545737.9177885,-0.00016188867433905923
1741545737.9470987,-0.0013342850290263102
1741545737.9794176,-8.188820065336763e-05
1741545738.025562,-0.0017716718957268077
1741545738.0595472,0.00022251860322204317
1741545738.0960946,0.0028486479617085315
1741545738.1277323,0.005465841664781562
1741545738.1616316,0.007137982550725428
1741545738.1968336,0.007138404442385173
1741545738.2228284,-0.002922027253090289
1741545738.2589684,0.00512312228470474
1741545738.289678,-0.004756699644740375
1741545738.332116,-0.005833260959620751
1741545738.3659449,-0.006022306413133307
1741545738.3971221,-0.002747469744656974
1741545738.4248567,-0.0008002433732309938
1741545738.4487221,0.005520128664315168
1741545738.4728272,0.00849812796464563
1741545738.5035021,-0.010809105021067737
1741545738.5286164,0.011402324423342627
1741545738.5654767,0.004583490050671478
1741545738.6025586,-0.0012067131528826092
1741545738.633566,0.00698399739789236
1741545738.6681304,0.0074144159927974455
1741545738.708645,0.0012381826642817693
1741545738.7356918,-0.00875733356756208
1741545738.7656453,0.0018266454780197156
1741545738.7943408,0.008122416373693993
1741545738.8220348,-0.00149450964236238
1741545738.8473146,0.00018866149744828709
1741545738.884729,-0.006853916920206003
1741545738.9213274,-3.50480101506817e-07
1741545738.9503732,0.0024403964993848296
1741545738.9810386,-0.0031865029650061313
1741545739.0129292,0.007427977531068525
1741545739.0448325,3.6646641499091255e-05
1741545739.068914,0.0051916138816078955
1741545739.107996,-0.00855954042094813
1741545739.1368906,-0.017308057964971417
1741545739.1696236,0.013324856944171256
1741545739.1988847,-0.0009032429876207129
1741545739.2328832,-0.00306304072909426
1741545739.2650754,0.0019340005165970654
1741545739.2912433,0.009142296771283316
1741545739.3257806,-0.010389728715699362
1741545739.356649,-0.0024653325461372264
1741545739.3885653,-0.0001575973781529072
1741545739.4169855,-0.011905375616065743
1741545739.450212,0.0011215046717327655
1741545739.4777782,-0.008730799784270165
1741545739.5061128,0.0039476750932769845
1741545739.53621,-0.0023411048209298485
1741545739.566905,-0.01637522357170028
1741545739.6209366,-0.003292208050159097
1741545739.6576467,-2.3406276669094006e-05
1741545739.6979032,-0.0007934900142249381
1741545739.7274246,0.00024712676695535715
1741545739.7568896,0.0031391156031987267
1741545739.787106,0.005033357523680455
1741545739.8153236,-0.008876459305243263
1741545739.8412466,0.01152580195203686
1741545739.8713017,-0.0019725991286800495
1741545739.9091375,0.010764039250090623
1741545739.9364662,-0.0016185302867979324
1741545739.964379,0.015794306280696377
1741545739.992339,0.005571389013160021
1741545740.0277793,-0.001108171191693234
1741545740.0566707,0.0017998819814211194
1741545740.09739,0.0019368331637731834
1741545740.1282568,-0.0036216424770343907
1741545740.1548975,-0.0029125011200434037
1741545740.1842716,-0.0016628592538101145
1741545740.2084103,0.0009695112025003906
1741545740.2490127,-0.0017314433871727204
1741545740.2835486,0.001852897851569885
1741545740.3082418,-0.0005422798434705379
1741545740.3379958,0.013072358872175093
1741545740.3728085,0.0028089342341332847
1741545740.4019475,-0.001520933156793353
1741545740.4310024,0.004238757303568931
1741545740.4572258,-0.0017863963305254013
1741545740.483623,-0.004762378319724899
1741545740.5134988,0.006745820255665072
1741545740.576283,-0.0027654287861219595
1741545740.5988905,-0.005213448314294329
1741545740.6221318,0.0023823691650200936
1741545740.658407,-0.0014941467277716086
1741545740.6849291,-0.0016560819319149725
1741545740.7172797,0.0009712873768275009
1741545740.7441971,0.0014369934379226713
1741545740.7766056,-3.908975671400999e-05
1741545740.8039784,-0.0037354925230306912
1741545740.8409781,0.005035903045119434
1741545740.8774014,-0.0022604398560849954
1741545740.9056087,0.002047085143185287
1741545740.9348495,0.005686845669426198
1741545740.9640262,-0.006634204011037476
1741545740.990958,0.004522364508911591
1741545741.0175464,0.0007605789356790287
1741545741.0401144,-0.0012258148357173274
1741545741.0647926,-0.0014613960089021674
1741545741.0911355,-0.0081226461259467
1741545741.1246982,-0.0017339900197341392
1741545741.1468344,-0.002168772179709174
1741545741.1807868,-0.01383409370596779
1741545741.2125416,0.008553788888494717
1741545741.2421916,-0.0011059413531352234
1741545741.265302,0.0032188531652321403
1741545741.296867,-0.0003416439499055275
1741545741.321175,-0.005426619004482118
1741545741.349299,-0.014716532497092332
1741545741.4871585,-0.001795916954821061
1741545741.5100667,-0.011156358697481715
1741545741.533845,-0.012176849924830003
1741545741.5588834,0.006351152280221005
1741545741.5959046,0.0062481646052839224
1741545741.6196308,-0.009503166610464221
1741545741.6466959,0.0014680946690251995
1741545741.6697187,0.043381593671200036
1741545741.7010317,0.0014976624395944584
1741545741.7267363,0.0035347342867203813
1741545741.7516077,0.022295733819103002
1741545741.8029547,0.007233006613088591
1741545741.8269851,-0.0029781272364168953
1741545741.8458514,0.006708219305425117
1741545741.958122,-0.018429504031046148
1741545741.987692,0.010010307435923278
1741545742.020045,0.006839948200416864
1741545742.042523,0.002601112097503546
1741545742.071573,0.0026968397547633
1741545742.0910676,0.003416928483729431
1741545742.1131232,-0.001427692233024757
1741545742.136741,-0.013042898884091087
1741545742.165737,-0.0010272749765912505
1741545742.186263,-0.03297638851820702
1741545742.2105799,-0.012063090803056328
1741545742.233266,-0.01036627881820101
1741545742.268493,-0.012118650772435114
1741545742.2925665,-0.0015798685616610283
1741545742.3162465,0.0018408565149549796
1741545742.3396313,-0.03240434981404032
1741545742.3635848,0.002581371722210849
1741545742.383522,0.01074547117972675
1741545742.4052982,-0.009725500768256033
1741545742.4284003,-0.0058659533723131275
1741545742.4517183,0.006335130768625773
1741545742.4714406,0.007417429628411808
1741545742.4973314,0.004830267751676716
1741545742.5186458,0.0065950398587194415
1741545742.5431447,0.003950109269596641
1741545742.5655725,-0.009615545147625368
1741545742.5992925,0.01839785251464834
1741545742.6243215,0.007678674772092016
1741545742.6578717,0.008478326745365507
1741545742.680879,-0.015686836365442543
1741545742.701899,-2.283698887093743e-05
1741545742.7197604,0.013421431561585071
1741545742.747394,-0.0006156515271339363
1741545742.7630737,0.016801614961277852
1741545742.784522,0.02979092581549237
1741545742.8056412,0.009402167298913956
1741545742.836112,0.012085836216616836
1741545742.858987,0.01186653986915722
1741545742.880574,0.025170381187919904
1741545742.897662,0.004288226254136961
1741545742.9177356,0.007784115470132014
1741545742.9419506,-0.0032763745344431515
1741545742.961484,-0.006400637672053233
1741545743.2201915,0.011293717432857276
1741545743.2529035,0.015013243298726974
