1741546685.2456734,0.0
1741546685.255853,0.0
1741546685.2882454,0.0
1741546685.3137393,0.0
1741546685.3365881,0.12362999999999999
1741546685.3642368,0.4089299999999999
1741546685.3874607,0.6942299999999998
1741546685.4097188,0.8844299999999997
1741546685.4384694,1.1661813434999997
1741546685.4627938,1.3364312291662566
1741546685.4873376,1.5626341662676309
1741546685.5159376,1.6960777693120956
1741546685.5435314,1.8733779468007346
1741546685.5671053,2.0265698207436023
1741546685.587588,2.072856425767244
1741546685.605371,2.15893150573758
1741546685.6282847,2.2732953763759065
1741546685.6508281,2.340761905111782
1741546685.6732275,2.4019649089550144
1741546685.7119195,2.5078523536322153
1741546685.733375,2.553542847742985
1741546685.7687366,2.6325920669581153
1741546685.8353372,2.7257152599258143
1741546685.857753,2.7511795802238495
1741546685.8833995,2.7850128131811824
1741546685.9089375,2.814245589096545
1741546685.9513178,2.847135063648476
1741546685.9714127,2.861326891092253
1741546685.9936726,2.8742011635034563
1741546686.0190477,2.8913065977952965
1741546686.0449364,2.9013975842908457
1741546686.075965,2.9148049987781492
1741546686.094436,2.922714417283597
1741546686.1190352,2.933223285995577
1741546686.1472342,2.9423032165055782
1741546686.167879,2.945046698560738
1741546686.192895,2.952518946421431
1741546686.2144191,2.956927039835909
1741546686.237354,2.9609258902769007
1741546686.2602646,2.964553491451798
1741546686.2807722,2.9693733128407107
1741546686.3028455,2.972216663773325
1741546686.327713,2.975994489113121
1741546686.3494117,2.9782231366783347
1741546686.3762126,2.9802448788378126
1741546686.4012742,2.982931071622882
1741546686.4251122,2.984515733821813
1741546686.4598622,2.987257361199305
1741546686.4759035,2.9878632736742783
1741546686.5000255,2.989513559006515
1741546686.5256958,2.990487109675693
1741546686.543744,2.991370276876729
1741546686.5625339,2.992171451720196
1741546686.5807607,2.992898246294373
1741546686.6074445,2.9938639037261234
1741546686.628359,2.9944335727527536
1741546686.6476524,2.9949503542780445
1741546686.6659348,2.995419158324601
1741546686.6856375,2.9956369773462663
1741546686.7075403,2.9962302371839225
1741546686.7299812,2.99658021818458
1741546686.747517,2.996897707299992
1741546686.7707987,2.9971857210442123
1741546686.7905662,2.997446995881153
1741546686.8110747,2.99768401422416
1741546686.827678,2.997899028021813
1741546686.852048,2.998094080154044
1741546686.874839,2.9982710238418577
1741546686.8930566,2.998431540255081
1741546686.9103637,2.9985771544854187
1741546686.9341576,2.9987092500365895
1741546686.9554608,2.998829081969216
1741546686.9702737,2.998937788825349
1741546686.9903877,2.9990364034459365
1741546687.0058057,2.999082222462082
1741546687.0235622,2.9991674280086307
1741546687.0462627,2.9992806365715095
1741546687.0677898,2.9993474215510485
1741546687.0841806,2.999378451656296
1741546687.10207,2.999436155581423
1741546687.1164021,2.9994629663835264
1741546687.1360865,2.9995128240461035
1741546687.1585991,2.9995790675543903
1741546687.1764977,2.9995990828921792
1741546687.195843,2.9996363036345497
1741546687.212303,2.9996700688405125
1741546687.2338722,2.9997006993186033
1741546687.2504075,2.999728486093815
1741546687.2684865,2.9997536931726727
1741546687.2871416,2.999776560051599
1741546687.3107395,2.99979730399241
1741546687.325093,2.999806942187571
1741546687.3472674,2.999833193127699
1741546687.362537,2.999841124794477
1741546687.3861136,2.9998627277716134
1741546687.4059494,2.9998754719876812
1741546687.4292014,2.9998870330435055
1741546687.447693,2.999897520782497
1741546687.4635284,2.9999023936692892
1741546687.479276,2.9999114553431823
1741546687.492578,2.999915665641614
1741546687.5111568,2.9999234951589013
1741546687.5327106,2.999930597791653
1741546687.547808,2.9999370410231005
1741546687.5637243,2.999940034722452
1741546687.5816338,2.9999456018387045
1741546687.5986733,2.9999506521094648
1741546687.614668,2.9999529986016595
1741546687.6268954,2.9999573621643623
1741546687.644695,2.999959389593447
1741546687.6593475,2.9999631598228795
1741546687.6742008,2.9999649115733016
1741546687.6873872,2.9999681691476603
1741546687.704823,2.999969682704689
1741546687.723606,2.9999724973319926
1741546687.7392712,2.999975050652119
1741546687.7555883,2.9999762369936107
1741546687.7721505,2.9999784431273016
1741546687.7862113,2.9999794681565985
1741546687.8033602,2.9999813743123567
1741546687.8176556,2.999982259963804
1741546687.8315518,2.99998390693098
1741546687.845981,2.9999854009953744
1741546687.8593993,2.9999860951780444
1741546687.872111,2.9999867563523286
1741546687.8883646,2.9999879858793017
1741546687.9058228,2.9999885571507408
1741546687.920014,2.9999896194933946
1741546687.9328344,2.9999901130864837
1741546687.948839,2.9999910309776228
1741546687.9616623,2.999991457454637
1741546687.9792745,2.9999922505359846
1741546687.992073,2.9999926190229984
1741546688.005596,2.9999929699884547
1741546688.0195858,2.999993622647679
1741546688.0332487,2.999993925890782
1741546688.0470872,2.9999944898049926
1741546688.0607436,2.999994751814765
1741546688.0723732,2.999995001365973
1741546688.0859249,2.999995239051021
1741546688.102341,2.9999956810527513
1741546688.1138835,2.999995886418693
1741546688.127676,2.9999962683194576
1741546688.142121,2.9999964457608677
1741546688.154135,2.9999966147649384
1741546688.1660848,2.999996929046768
1741546688.178773,2.999996929046768
1741546688.1916015,2.9999972141509876
1741546688.2049394,2.999997346618108
1741546688.2164495,2.904897346618108
1741546688.2307568,2.818841482786417
1741546688.2461033,2.827455570279923
1741546688.2577908,2.843474422159344
1741546688.2690134,2.8509172133856673
1741546688.28155,2.8580060998891788
1741546688.2918966,2.762906099889179
1741546688.3032103,2.7741799148394484
1741546688.320498,2.7951448251611186
1741546688.3328707,2.8048856887247076
1741546688.345666,2.814163374225848
1741546688.3571758,2.822999905781409
1741546688.3685231,2.8394324170860683
1741546688.381232,2.847067405653626
1741546688.3936856,2.854339350514796
1741546688.4086967,2.8678623391882008
1741546688.4204981,2.874145484959802
1741546688.4344165,2.779045484959802
1741546688.4596164,2.809089665365313
1741546688.4883196,2.835048603267068
1741546688.5107534,2.8503625255759784
1741546688.5433264,2.87070940681623
1741546688.5624976,2.8827126158735914
1741546688.587609,2.8986607096581567
1741546688.6282995,2.9166037345080005
1741546688.6588762,2.9279435002744147
1741546688.6966968,2.93774134702469
1741546688.72168,2.946206936430971
1741546688.9543386,2.982457295024747
1741546689.0371122,2.9881195183244618
1741546689.0834842,2.9906879568553992
1741546689.3273146,2.9972451393673416
1741546689.357506,2.99750089786673
1741546689.385752,2.9978407120376698
1741546689.4536312,2.6177343201455465
1741546689.4768102,2.4275343201455466
1741546689.493611,2.364177068222626
1741546689.5118604,2.29931044862864
1741546689.5368278,2.1091104486286403
1741546689.555942,1.9189104486286404
1741546689.5769815,1.7747114351163131
1741546689.5984824,1.8410667304612702
1741546689.6182995,1.8961740074278368
1741546689.6365514,1.998652105992679
1741546689.656316,2.0916162406210552
1741546689.6767192,2.1759496781870777
1741546689.697883,2.2879995112817415
1741546689.9451356,2.778847038701809
1741546689.9644053,2.7993786579228894
1741546689.9867291,2.8266580452368975
1741546690.0098102,2.842750938541794
1741546690.0253384,2.850228131414132
1741546690.0424464,2.864132801547346
1741546690.0612473,2.8767465760448236
1741546690.076037,2.8826072763538924
1741546690.0904565,2.893505899130991
1741546690.1086712,2.903392704695334
1741546690.1244628,2.9079863815870706
1741546690.142773,2.9165288336768747
1741546690.16724,2.9278787840465883
1741546690.183898,2.931308147865173
1741546690.2022583,2.9376854305537887
1741546690.2245684,2.943470652710819
1741546690.2423737,2.948718780642476
1741546690.2631972,2.953479677638206
1741546690.2836852,2.9577985777296516
1741546690.2994716,2.9617165154663048
1741546690.3179195,2.9652707157912195
1741546690.3362238,2.966922093255347
1741546690.3587883,2.971419845190818
1741546690.3758378,2.9727788315519943
1741546690.3903043,2.975306017541486
1741546690.4065166,2.9775985821172166
1741546690.4233851,2.978663769537543
1741546690.440216,2.9806446037841066
1741546690.456794,2.981564952874172
1741546690.4721174,2.983276444168199
1741546690.4923685,2.984829042326259
1741546690.5088499,2.986237498827804
1741546690.5219228,2.986891905758542
1741546690.5370758,2.9875151956397232
1741546690.5589943,2.9892128107097724
1741546690.5746942,2.9897257415605227
1741546690.589025,2.9906795934140997
1741546690.6057942,2.9911227787472594
1741546690.6200101,2.9919469310689495
1741546690.6315289,2.992329854496621
1741546690.651231,2.9930419431158337
1741546690.6669488,2.9936879221415076
1741546690.6848001,2.993988061443679
1741546690.7011685,2.994546203792279
1741546690.7146668,2.994805531801956
1741546690.7339182,2.995287781022008
1741546690.7476337,2.995725258707925
1741546690.762415,2.9959285226563632
1741546690.788435,2.9964821397653276
1741546690.8050466,2.9966494140194864
1741546690.8180206,2.996960479062955
1741546690.8342528,2.9971050082835116
1741546690.8487806,2.9973737764122412
1741546690.8612907,2.9974986533438392
1741546690.877275,2.9976175923773396
1741546690.8911257,2.9978387727126634
1741546690.904165,2.9979415390701765
1741546690.9186342,2.9981326445192944
1741546690.9298444,2.9030326445192944
1741546690.9424648,2.8079326445192945
1741546690.95792,2.817065447272402
1741546690.9728267,2.834048907755743
1741546690.984623,2.738948907755743
1741546690.9989772,2.7631846294559796
1741546691.015403,2.774445200325348
1741546691.0272415,2.795385481808456
1741546691.0385413,2.8051149021484636
1741546691.0499783,2.814381688551304
1741546691.0625296,2.8232078392606894
1741546691.0731385,2.8316143065038437
1741546691.084379,2.839621046229586
1741546691.0969324,2.847247065481369
1741546691.1078134,2.861428494787262
1741546691.1210446,2.8680175698601276
1741546691.1334102,2.8742933344132786
1741546691.144267,2.880270686361927
1741546691.1571376,2.8859638152254177
1741546691.1679206,2.8965508202986148
1741546691.17929,2.9014698287934158
1741546691.190873,2.906154938434289
1741546691.2026231,2.9106172711117386
1741546691.2151926,2.9148674198703755
1741546691.22882,2.922771043264198
1741546691.2400277,2.9264432801569855
1741546691.2510436,2.9299409021855207
1741546691.2648833,2.933272212286599
1741546691.2773397,2.9364451185923715
1741546691.2892168,2.942345490068487
1741546691.3144221,2.9476980769718826
1741546691.3421018,2.9548098049704077
1741546691.37065,2.960954519287661
1741546691.3918715,2.9645794625739
1741546691.4127219,2.9678678697594503
1741546691.4429834,2.9722370202046666
1741546691.4735572,2.9760120775888246
1741546691.4990218,2.979273823420738
1741546691.523258,2.9811980208763647
1741546691.544058,2.982943577769219
1741546691.5742166,2.9852628163078876
1741546691.6023989,2.987266697538531
1741546691.621843,2.988448844573918
1741546691.6477177,2.9900195071940057
1741546691.66963,2.9909460861406703
1741546691.6889334,2.991786642426822
1741546691.7139797,2.992549162310025
1741546691.7372208,2.9932408906116974
1741546691.902742,2.997047386239645
1741546691.9293318,2.997448866428759
1741546691.955558,2.9976857111120014
1741546691.9758182,2.8074857111120015
1741546691.996379,2.726061770548626
1741546692.018669,2.763310385197238
1741546692.0399802,2.7852844117541875
1741546692.0627,2.8052183917145515
1741546692.0841503,2.82330172095921
1741546692.1036396,2.839706212045332
1741546692.127268,2.861502080223525
1741546692.1455314,2.868087656308896
1741546692.1665351,2.6841600882514083
1741546692.1883895,2.713482349028636
1741546692.2111127,2.7400823605108724
1741546692.231525,2.7642128535936092
1741546692.2506626,2.7861030958893642
1741546692.2767718,2.701173893679825
1741546692.3697326,2.7459059832743433
1741546692.3923907,2.7694958170579014
1741546692.4159646,2.7908955943218023
1741546692.4372025,2.8103086377178
1741546692.5543897,2.8942808192177973
1741546692.5737762,2.9040956819781383
1741546692.5989752,2.9171362239729106
1741546692.618904,2.92482921386833
1741546692.642991,2.9318079942940813
1741546692.664705,2.938138871741333
1741546692.6813064,2.9438819968730865
1741546692.701136,2.949091936025091
1741546692.7340746,2.9560141347313684
1741546692.7523818,2.9600977383670783
1741546692.7707906,2.9638022243350615
1741546692.793871,2.967162789539524
1741546692.8120677,2.9702113632393714
1741546692.8371022,2.97297691041312
1741546692.8548667,2.9754857069597187
1741546692.876921,2.9777615893499996
1741546692.8932126,2.979826181100739
1741546692.9193585,2.9825693061025844
1741546692.9404995,2.9841875542497496
1741546692.9614565,2.985655565861226
1741546692.9794612,2.9869872887463744
1741546692.9951508,2.987606043166484
1741546693.0134325,2.988756685693966
1741546693.035463,2.9898005037227158
1741546693.0574403,2.9907474147321036
1741546693.073787,2.9916064154726585
1741546693.0977702,2.9923856674456086
1741546693.120168,2.993421022531655
1741546693.1418903,2.994031808204391
1741546693.1560287,2.9943155957242724
1741546693.2797039,2.9969825965869226
1741546693.2967322,2.9971260741192145
1741546693.313832,2.997392886516876
1741546693.3334558,2.9976349283190182
1741546693.5581865,2.999228715525905
1741546693.5774288,2.9992653901026483
1741546693.6044486,2.9993652783184634
1741546693.62186,2.9994242052430686
1741546693.6437054,2.999477661451068
1741546693.6627235,2.9995261548383065
1741546693.6769495,2.999548686175745
1741546693.6943104,2.9995905856987464
1741546693.711735,2.999628595312037
1741546693.732954,2.999663076150934
1741546693.750509,2.999694355823315
1741546693.7837148,2.9997359156383863
1741546693.797613,2.999748472849781
1741546693.8168578,2.999771824378251
1741546693.836232,2.9997930079742283
1741546693.8547633,2.9998122249063917
1741546693.8692505,2.9998296577578376
1741546693.8867621,2.999845472160832
1741546693.9051065,2.9998528199595844
1741546693.922972,2.9998664840069886
1741546693.9369109,2.999872832692456
1741546693.960963,2.999890124203919
1741546693.9849634,2.9999003249626766
1741546694.0021484,2.9999095786932175
1741546694.0175774,2.999913878226355
1741546694.035608,2.999921873685483
1741546694.0529962,2.999929126854201
1741546694.0678992,2.999935706646007
1741546694.0857992,2.9999387637949892
1741546694.1012728,2.9999444489028733
1741546694.1150959,2.9999470903575416
1741546694.1301894,2.9999520024357054
1741546694.143664,2.9999542847198875
1741546694.160444,2.9999585288806636
1741546694.174493,2.999960500832388
1741546694.1877925,2.9999641678955116
1741546694.2022908,2.99996587171208
1741546694.2186892,2.999969040148117
1741546694.2328558,2.999970512289074
1741546694.2483735,2.9999732498985954
1741546694.2637622,2.999974521865917
1741546694.2783425,2.9999768872303436
1741546694.292085,2.999977986242541
1741546694.307341,2.999980029977715
1741546694.3211992,2.9999809795522747
1741546694.3396356,2.9999827453915735
1741546694.3549974,2.999983565848204
1741546694.3735268,2.999985091578382
1741546694.3862977,2.99998580047383
1741546694.4009955,2.9999871187436047
1741546694.4143507,2.999987731247346
1741546694.430533,2.999988870266043
1741546694.4451756,2.9999893994848925
1741546694.4620788,2.999990383626088
1741546694.4763238,2.9999908408846676
1741546694.4919837,2.999991691207753
1741546694.504878,2.999992086290824
1741546694.520644,2.9999928209916504
1741546694.5356193,2.9999931623534977
1741546694.5498323,2.9999937971537443
1741546694.5655453,2.9999940920990835
1741546694.5786214,2.999994373019772
1741546694.5905414,2.9999948954229754
1741546694.6033323,2.999995138145613
1741546694.6163933,2.999995369326789
1741546694.637404,2.9999957992338473
1741546694.6530585,2.9999961892287654
1741546694.6648376,2.999996370430938
1741546694.6773064,2.999996543016947
1741546694.6887286,2.999996863959788
1741546694.700623,2.9999970130785
1741546694.7168071,2.9999971551066174
1741546694.732896,2.999997419223667
1741546694.7506824,2.9999976588203547
1741546694.7650163,2.999997770143447
1741546694.779339,2.999997977161094
1741546694.792684,2.9999980733470837
1741546694.8070538,2.999998252215609
1741546694.8188856,2.999998335322757
1741546694.8362784,2.99999841447816
1741546694.8505964,2.9999985616764184
1741546694.862395,2.999998630068705
1741546694.8758776,2.999998695208938
1741546694.890985,2.999998816344432
1741546694.9084122,2.9094208776272543
1741546694.9192796,2.913727914896078
1741546694.9336083,2.8186279148960782
1741546694.9454534,2.8272521575427696
1741546694.9565368,2.835466317451611
1741546694.9694743,2.8507414595943867
1741546694.9863977,2.762738703190674
1741546695.001099,2.667638703190674
1741546695.0159278,2.683442482853957
1741546695.031469,2.7128313653968847
1741546695.0470607,2.7394918135468815
1741546695.0595937,2.7518789778127273
1741546695.0753827,2.7636771324177323
1741546695.0864778,2.7856171105303953
1741546695.0979087,2.795811016924675
1741546695.1090512,2.8055202030699067
1741546695.1254702,2.8147677174139325
1741546695.1383176,2.8319644968338595
1741546695.1492805,2.8399545850094094
1741546695.1604414,2.847564744492212
1741546695.1712928,2.8548130408916075
1741546695.1847355,2.7597130408916075
1741546695.2005305,2.6805606907972117
1741546695.2120736,2.6957500299498043
1741546695.2238789,2.710217116025691
1741546695.2353482,2.7239962921586693
1741546695.2455995,2.7371202684665246
1741546695.260467,2.5469202684665246
1741546695.2711825,2.5684642097009416
1741546695.291118,2.3782642097009417
1741546695.3018079,2.407827746529662
1741546695.3144398,2.4359855371821766
1741546695.325942,2.2457855371821767
1741546695.3371274,2.2457855371821767
1741546695.348569,2.191070439889164
1741546695.3594825,2.229535040472434
1741546695.37001,2.26617064929797
1741546695.3819606,2.3010642349238513
1741546695.4111247,2.396101678327038
1741546695.450063,2.503027260260808
1741546695.5005767,2.610467679633685
1741546695.522773,2.646631469750343
1741546695.559763,2.70919851850344
1741546695.6203704,2.782905044795592
1741546695.6634974,2.821343642133983
1741546695.7021592,2.852976343112637
1741546695.7376716,2.872967811811967
1741546695.7640707,2.8902409504872897
1741546695.7963338,2.905165382713068
1741546695.8217793,2.918060472681869
1741546695.853118,2.9292021591988444
1741546695.8899236,2.9417375481138963
1741546695.9216688,2.94965975606251
1741546695.9695618,2.960542801524551
1741546696.0021741,2.9659079744836863
1741546696.0297368,2.9705436207152873
1741546696.0653582,2.97454893725368
1741546696.1010578,2.9790552748229655
1741546696.129175,2.981903223422921
1741546696.1865046,2.9864900313432843
1741546696.2092392,2.98774428328963
1741546696.2405114,2.989410748280301
1741546696.2696345,2.9908506165218176
1741546696.2930324,2.9917000361116752
1741546696.320212,2.99282861957771
1741546696.3434072,2.9934944033468063
1741546696.3695796,2.994378998619541
1741546696.400155,2.9951433114895605
1741546696.4231598,2.9955942015820396
1741546696.445468,2.99600323149035
1741546696.47222,2.9965466901027304
1741546696.4962666,2.9968672919316495
1741546696.5265887,2.9974219658249455
1741546696.559893,2.997772512741051
1741546696.5904303,2.998075394214401
1741546696.613514,2.9982540726861187
1741546696.635319,2.998416162827647
1741546696.6728108,2.998696595319781
1741546696.698852,2.9988738251236016
1741546696.7322278,2.999026956192901
1741546696.7956295,2.9992735838186695
1741546696.8277242,2.999402202279969
1741546696.8569179,2.999457701221005
1741546696.891053,2.9995537200547138
1741546697.126413,2.999861381932974
1741546697.1490333,2.9998742510953518
1741546697.1759572,2.9998859254975963
1741546697.2086933,2.999906123405283
1741546697.2450647,2.999918888228609
1741546697.2828424,2.9999332497908893
1741546697.3001158,2.9999394468133858
1741546697.321625,2.9999450685105264
1741546697.347427,2.999952537792516
1741546697.3826227,2.9999589914425977
1741546697.4039645,2.9999627986359556
1741546697.4284391,2.999967857072949
1741546697.4527373,2.999970841190073
1741546697.4789948,2.9999748060447655
1741546697.501342,2.9999771450263126
1741546697.5186002,2.9999792668591576
1741546697.5392356,2.9999811917031685
1741546697.5612504,2.999982937846591
1741546697.5833523,2.9999845218798087
1741546697.6121254,2.9999866265095116
1741546697.6379747,2.9999884449632366
1741546697.6631258,2.9999895177212657
1741546697.6880877,2.9999909430439087
1741546697.7102344,2.999991783882632
1741546697.734822,2.9999925466587323
1741546697.7546735,2.9999932386194637
1741546697.773047,2.9999938663392545
1741546697.7963526,2.999994435782169
1741546697.8177655,2.9999949523585743
1741546697.843525,2.9999956387091093
1741546697.866739,2.9999962317334714
1741546697.8860567,2.9999965815755583
1741546697.9017541,2.9999967441216406
1741546697.9223673,2.9999970463941237
1741546697.9417193,2.9999973206039323
1741546697.9595978,2.999997569356377
1741546697.9804754,2.9999977950148944
1741546698.003221,2.999997999723501
1741546698.0251215,2.999998185427166
1741546698.0420954,2.9999983538902883
1741546698.0575202,2.9999984321628053
1741546698.0761206,2.9999985777192384
1741546698.0955777,2.9999987097623584
1741546698.1110232,2.999998829546728
1741546698.124956,2.999998885201781
1741546698.1427863,2.99999898869853
1741546698.1610658,2.9999990825867444
1741546698.1787233,2.9999991677584714
1741546698.1964593,2.9999992073315562
1741546698.2105517,2.9999992809221
1741546698.2259774,2.999999315114254
1741546698.2446063,2.99999937869836
1741546698.2610548,2.9999994363793814
1741546698.2833703,2.9999994887053543
1741546698.2992337,2.9999995361734366
1741546698.3133245,2.9999995582283896
1741546698.3337104,2.999999599242023
1741546698.3521385,2.9999996364479915
1741546698.3700306,2.9999996701997955
1741546698.3900506,2.999999700818116
1741546698.4061089,2.999999728593862
1741546698.4260163,2.9999997537909358
1741546698.4409804,2.9999997654981767
1741546698.4542406,2.9999997766487385
1741546698.468359,2.999999797384446
1741546698.4817588,2.9999998070188156
1741546698.4976308,2.999999816195071
1741546698.513611,2.999999833259336
1741546698.5300126,2.9999998487393724
1741546698.5480466,2.999999862782257
1741546698.5647566,2.999999869306961
1741546698.579328,2.9999998814403717
1741546698.594975,2.999999887077882
1741546698.6156456,2.9999998975614584
1741546698.6289148,2.9999999070717496
1741546698.6461356,2.999999915699115
1741546698.6625898,2.999999919707622
1741546698.6799488,2.999999927161886
1741546698.6952002,2.999999930625338
1741546698.7089965,2.999999937066012
1741546698.721259,2.9999999400585233
1741546698.7329466,2.9999999429087407
1741546698.7475162,2.999999948209036
1741546698.7604601,2.9999999506716963
1741546698.775079,2.999999953017257
1741546698.791909,2.999999957379088
1741546698.8077586,2.9999999613359702
1741546698.821416,2.999999963174445
1741546698.837859,2.9999999649255003
1741546698.8491783,2.9999999681817817
1741546698.8607664,2.999999969694738
1741546698.8736951,2.9999999711357535
1741546698.8862956,2.9999999738154814
1741546698.903505,2.9999999750605553
1741546698.915838,2.999999976246426
1741546698.9293616,2.9999999784516835
1741546698.9431336,2.999999979476306
1741546698.9547257,2.9999999804522077
1741546698.9683497,2.999999982267005
1741546698.980344,2.9999999831102087
1741546698.9917753,2.9999999839133182
1741546699.0036182,2.99999998467824
1741546699.0153446,2.99999998540679
1741546699.0295277,2.9999999867616087
1741546699.0408206,2.999999987391094
1741546699.0525417,2.9999999879906474
1741546699.064152,2.999999988561692
1741546699.0774853,2.9999999891055835
1741546699.0897343,2.9999999901170105
1741546699.1066191,2.9999999910345374
1741546699.1171272,2.9999999910345374
1741546699.1305246,2.9999999918668823
1741546699.1409771,2.999999992253612
1741546699.154277,2.999999992621953
1741546699.1669955,2.9999999933069232
1741546699.1808157,2.999999993625179
1741546699.1977098,2.9999999939283017
1741546699.2108438,2.9999999944919917
1741546699.226351,2.9999999950033494
1741546699.2397058,2.99999999524094
1741546699.2576685,2.9999999954672334
1741546699.2700634,2.999999995888051
1741546699.2838085,2.999999996083574
1741546699.2982533,2.9999999964471713
1741546699.5400794,2.999999998896463
1741546699.5573978,2.9999999989489363
1741546699.5914962,2.9999999991350363
1741546699.6119716,2.9999999992153388
1741546699.622961,2.9999999992526494
1741546699.6340594,2.999999999288186
1741546699.6467354,2.99999999935427
1741546699.6581638,2.999999999384974
1741546699.6718395,2.999999999414219
1741546699.6840758,2.9999999994420725
1741546699.6942554,2.999999999468602
1741546699.7068744,2.9999999995179363
1741546699.717699,2.9999999995179363
1741546699.728415,2.9999999995626907
1741546699.7401905,2.9999999995834847
1741546699.7506664,2.9999999996032902
1741546699.761715,2.999999999622154
1741546699.772953,2.9999999996401203
1741546699.7839801,2.9999999996572324
1741546699.7960997,2.999999999673531
1741546699.8083446,2.99999999970384
1741546699.819212,2.9999999997179225
1741546699.830193,2.9048999997179226
1741546699.8421543,2.9094220047313355
1741546699.8525667,2.9137289884063606
1741546699.8670647,2.921738302636025
1741546699.8802276,2.925459646345682
1741546699.8960464,2.929004040161945
1741546699.9115744,2.93559523389986
1741546699.9272468,2.941574507818819
1741546699.9408789,2.9443526399720343
1741546699.9585462,2.9495188850905523
1741546699.9744728,2.9519192621044965
1741546699.9926574,2.9563830296097753
1741546700.0064538,2.8633570165518307
1741546700.0203645,2.7682570165518308
1741546700.0336914,2.673157016551831
1741546700.0481076,2.482957016551831
1741546700.0628188,2.5075424104147914
1741546700.0805569,2.5532616793431484
1741546700.0946085,2.5745040864903816
1741546700.1090288,2.6140067005409615
1741546700.1229367,2.5189067005409616
1741546700.1350706,2.541782686930239
1741546700.1479044,2.351582686930239
1741546700.163881,2.256482686930239
1741546700.1758456,2.161382686930239
1741546700.189068,2.239239077561779
1741546700.2045395,2.2754132594237166
1741546700.222481,2.3426831660206116
1741546700.2351933,2.3739385814763314
1741546700.2487724,2.4320614959454967
1741546700.2623358,2.3369614959454967
1741546700.2746599,2.368488976813288
1741546700.2968352,2.1782889768132883
1741546700.3103285,2.1222613359658165
1741546700.3244607,2.0271613359658165
1741546700.3361897,2.073419814440642
1741546700.3505046,2.0223787022639894
1741546700.363564,1.9272787022639895
1741546700.3759742,1.8460102930933786
1741546700.3902874,1.726905259804015
1741546700.4036384,1.7874409147003343
1741546700.418689,1.900013684589072
1741546700.4349313,1.9523180338868618
1741546700.448059,2.049583777319634
1741546700.4604251,2.0947760687080854
1741546700.474005,2.137819466641016
1741546700.4852648,2.1788161510022355
1741546700.5004563,2.2550540363063796
1741546700.514591,2.2904762168800112
1741546700.5286863,2.3563476936072787
1741546700.5454845,2.3869533607762525
1741546700.557715,2.4161037284713416
1741546700.5743887,2.47031207296405
1741546700.5906074,2.5194877690979207
1741546700.6043034,2.5423361256773145
1741546700.6155694,2.564098042901358
1741546700.6282372,2.604566743606684
1741546700.6404173,2.623369594948186
1741546700.6524808,2.6412783707083998
1741546700.664963,2.6583355841812155
1741546700.6759226,2.6745817271533987
1741546700.687497,2.704793233372659
1741546700.7003677,2.718830315125789
1741546700.7115426,2.732199933641558
1741546700.7241998,2.7449338267969017
1741546700.7388387,2.7686139146132387
1741546700.7502005,2.779616322973379
1741546700.7623465,2.790095566815995
1741546700.7743363,2.8000765226138946
1741546700.7872877,2.714482883963604
1741546700.8027363,2.7280592228311344
1741546700.8160622,2.740990006785514
1741546700.829674,2.7650362348980284
1741546700.8436086,2.7762087619286273
1741546700.8558176,2.786850035298921
1741546700.867196,2.8066386643389296
1741546700.8812203,2.8158329958496133
1741546700.894125,2.824590136896964
1741546700.907389,2.8408750127390623
1741546700.92049,2.84844140588332
1741546700.930603,2.8556480170335683
1741546700.941158,2.8625119538236223
1741546700.9527595,2.869049510419309
1741546700.9638214,2.875276206198871
1741546700.9763224,2.8812068225941143
1741546700.9887936,2.8922354620943165
1741546701.0019984,2.8973596658717318
1741546701.0161462,2.902240213759531
1741546701.029133,2.9113161343099105
1741546701.0425892,2.9155330521234744
1741546701.055691,2.919549455495003
1741546701.0665126,2.9270184033951763
1741546701.0805066,2.930488678313736
1741546701.0923953,2.9337939416599177
1741546701.102768,2.8386939416599177
1741546701.1138487,2.7435939416599178
1741546701.1268034,2.7673984230691375
1741546701.14105,2.7784586280522
1741546701.154823,2.788992920288318
1741546701.1783438,2.817684503117229
1741546701.1921577,2.826353604994005
1741546701.213424,2.8424747622258506
1741546701.4363215,2.946064061636442
1741546701.44967,2.9510714200833363
1741546701.4647691,2.953397974058374
1741546701.481167,2.9577244594282632
1741546701.496632,2.9597346613824493
1741546701.511883,2.9634728550537006
1741546701.526681,2.966863998572052
1741546701.5425763,2.968439615439951
1741546701.5548017,2.9699403117257814
1741546701.568373,2.9727310230503226
1741546701.5813704,2.97402766290428
1741546701.5948384,2.9752626475331816
1741546701.6088073,2.9775592385370055
1741546701.622592,2.978626296744571
1741546701.6345017,2.979642616334367
1741546701.6469975,2.981532575425607
1741546701.660697,2.982410701464119
1741546701.672507,2.9832470726095
1741546701.6856651,2.9840436743069185
1741546701.6977415,2.9848023975936244
1741546701.7126305,2.986213327765436
1741546701.7258387,2.9868688840301894
1741546701.7376637,2.987493268594554
1741546701.7552974,2.9886543810002375
1741546701.767179,2.9897076968941922
1741546701.7804675,2.9901970959068733
1741546701.7958646,2.9906632239965014
1741546701.8091574,2.9915300409205483
1741546701.8222713,2.9919327874747763
1741546701.8424253,2.9926817393982375
1741546701.8548052,2.9930297226898515
1741546701.867677,2.9936768362476225
1741546701.8805869,2.993977502684048
1741546701.8919833,2.9942638724314214
1741546701.907859,2.9947964087644205
1741546701.919738,2.995043839527672
1741546701.9319394,2.9952795049581313
1741546701.9462416,2.995717750985522
1741546701.9571235,2.995717750985522
1741546701.9724808,2.9961153106910716
1741546701.9875228,2.905722032667711
1741546701.998773,2.9102049500143616
1741546702.0129313,2.9144747046411785
1741546702.0235307,2.9185414324354904
1741546702.0359316,2.8234414324354904
1741546702.0471473,2.741258797323183
1741546702.0579393,2.7535619415104655
1741546702.069518,2.765280071191643
1741546702.0801194,2.77644100380648
1741546702.0921311,2.787071234075482
1741546702.1046927,2.797195996895193
1741546702.1160884,2.8068393272428267
1741546702.1269727,2.824772170458028
1741546702.1394885,2.8331042537527487
1741546702.15053,2.8410401464868054
1741546702.1628213,2.8485986875213576
1741546702.1749833,2.855797819929717
1741546702.185461,2.862654633592059
1741546702.1979873,2.8691854057647563
1741546702.2093806,2.8813301015519253
1741546702.2199981,2.886972855223131
1741546702.240119,2.8974661820345027
1741546702.2518315,2.8023661820345027
1741546702.2637084,2.7072661820345028
1741546702.2755005,2.612166182034503
1741546702.287146,2.648172284891017
1741546702.3300714,2.7104665185862538
1741546702.3701758,2.6547356898722425
1741546702.4110806,2.3994190228188175
1741546702.4567573,2.50575723933439
1741546702.493373,2.593267326552918
1741546702.5328517,2.665282972629443
1741546702.5662055,2.724547606509516
1741546702.6071436,2.7733189085847187
1741546702.64367,2.8041417573676894
1741546702.676452,2.830773484601147
1741546702.711418,2.8607365478988216
1741546702.7511265,2.885394383702658
1741546702.7846682,2.9009778254390515
1741546702.820184,2.9185105842815418
1741546702.851102,2.929591067097381
1741546702.8917139,2.6612050268569005
1741546702.9278474,2.721191697393104
1741546702.9611235,2.7591025178194335
1741546703.001151,2.801755564771411
1741546703.0367427,2.8287117533576125
1741546703.0652277,2.852002587593479
1741546703.0994225,2.8782068489373764
1741546703.1336367,2.8947676121424886
1741546703.168556,2.9133999446165606
1741546703.2033355,2.9251753441217208
1741546703.233443,2.9353495895295514
1741546703.2624795,2.9441403969729345
1741546703.2996137,2.95403083770758
1741546703.3329031,2.9602814717113812
1741546703.3606677,2.965682178862025
1741546703.3928132,2.9703485275410992
1741546703.4236536,2.974380371776924
1741546703.4586961,2.978916555366722
1741546703.4943335,2.9817833662758204
1741546703.5293972,2.985008783687871
1741546703.560078,2.98704720687781
1741546703.598345,2.9893406143812804
1741546703.6252687,2.9903302210560883
1741546703.6588871,2.9920423416294395
1741546703.6846976,2.9927811226550096
1741546703.7193499,2.994059289249153
1741546703.756927,2.9948670744419696
1741546703.791475,2.9957759046748382
1741546703.8260043,2.996350273938015
1741546703.859407,2.99699649047658
1741546703.8981433,2.9975282886156203
1741546703.9286015,2.9978643783430883
1741546703.957579,2.998062647316755
1741546703.9999707,2.9984814831363416
1741546704.040406,2.998750350085455
1741546704.0890045,2.9990205116057
1741546704.118881,2.9991536970534742
1741546704.1586597,2.999303542535407
1741546704.194134,2.9993982429931334
1741546704.2244554,2.9994800666031702
1741546704.2617342,2.999572125446568
1741546704.2907383,2.9996303054763893
1741546704.3304336,2.999695763187822
1741546704.3619862,2.9997371316372035
1741546704.3911984,2.9997728750322334
1741546704.4283621,2.9998130895327186
1741546704.4588273,2.9998385045906444
1741546704.4941049,2.9998604638486954
1741546704.5353196,2.9998851699683247
1741546704.5703654,2.999905501649205
1741546704.6073263,2.999922233424717
1741546704.6349075,2.9999294531956053
1741546704.667184,2.9999419441362867
1741546704.711521,2.9999522234445566
1741546704.7479897,2.9999606827096517
1741546704.782624,2.999966028858673
1741546704.8075428,2.999970648067737
1741546704.8308284,2.999973373071703
1741546704.855386,2.9999758450890326
1741546704.8839016,2.9999791295410505
1741546704.9173067,2.9999819673913373
1741546704.951815,2.9999851602254717
1741546704.9841137,2.99998717805644
1741546705.0106022,2.9999889215138453
1741546705.0444193,2.999990427905496
1741546705.0720534,2.9999917294662906
1741546705.1052482,2.9999928540480028
1741546705.135699,2.999993825715275
1741546705.1628125,2.999994665260573
1741546705.192653,2.999995390649116
1741546705.2257278,2.9999960174033125
1741546705.2565784,2.9999965589349182
1741546705.2913501,2.99999716820617
1741546705.3187454,2.9999975532579293
1741546705.3711205,2.99999808221852
1741546705.4135988,2.9999984217788294
1741546705.4374917,2.9999985682993007
1741546705.4634993,2.999998762974092
1741546705.4927163,2.999998931178075
1741546705.520459,2.9999990765106053
1741546705.59885,2.9999993745834037
1741546705.6298554,2.9999994596241146
1741546705.6627164,2.999999533101457
1741546705.6954918,2.9999995965877546
1741546705.7282953,2.999999668015489
1741546705.7641754,2.9999997131569174
1741546705.7972188,2.999999752160263
1741546705.823609,2.999999785860148
1741546705.8574827,2.999999814977708
1741546705.8913453,2.9999998477375542
1741546705.9206634,2.999999868441365
1741546705.949693,2.999999886329985
1741546705.9867287,2.9999999064562743
1741546706.01328,2.99999991514078
1741546706.0454297,2.99999992667947
1741546706.0768533,2.9999999366491923
1741546706.106408,2.999999947866018
1741546706.1361036,2.9999999527060845
1741546706.1588838,2.999999959136851
1741546706.1853848,2.999999962930545
1741546706.2210186,2.9999999694940227
1741546706.2837691,2.9999999772260657
1741546706.3087265,2.99999998032274
1741546706.3328404,2.9999999821495575
1741546706.3550653,2.9999999838067746
1741546706.3786118,2.999999986008641
1741546706.407464,2.999999987911109
1741546706.4367783,2.9999999890334292
1741546706.4587018,2.9999999905246035
1741546706.4798548,2.99999999140429
1741546706.501694,2.9999999922023073
1741546706.5345595,2.9999999932625947
1741546706.565506,2.99999999417871
1741546706.593483,2.9999999949702567
1741546706.6321824,2.9999999958608177
1741546706.6657526,2.999999996423641
1741546706.6958075,2.9999999969099345
1741546706.7336128,2.999999997457058
1741546706.7541559,2.9999999976931426
1741546706.7744489,2.9999999979073086
1741546706.801515,2.999999998191861
1741546706.8242724,2.9999999983597267
1741546706.851025,2.999999998582762
1741546706.872062,2.999999998714337
1741546706.9002264,2.9999999988891544
1741546706.9520137,2.999999999129308
1741546706.9825916,2.9999999992477
1741546707.0078652,2.9999999993499937
1741546707.0294776,2.9999999994103397
1741546707.0534098,2.9999999994650834
1741546707.074965,2.9999999995147446
1741546707.1109028,2.9999999996006634
1741546707.1357934,2.9999999996377373
1741546707.160733,2.9999999996869957
1741546707.1917396,2.9999999997295563
1741546707.2297704,2.9999999997774407
1741546707.2560515,2.999999999798103
1741546707.2904572,2.9999999998338507
1741546707.3085697,2.9999999998492757
1741546707.3499055,2.9999999998759628
1741546707.55231,2.999999999953184
1741546707.5792694,2.9999999999595497
1741546707.5987732,2.999999999963305
1741546707.6204417,2.9999999999667115
1741546707.6434565,2.999999999969802
1741546707.6658669,2.9999999999726055
1741546707.6874003,2.9999999999763305
1741546707.708283,2.999999999978528
1741546707.7329447,2.9999999999805214
1741546707.754103,2.9999999999823297
1741546707.7799547,2.999999999984732
1741546707.8048458,2.9999999999861497
1741546707.826644,2.9999999999874354
1741546707.9540648,2.9999999999933302
1741546707.9771054,2.9999999999939493
1741546707.9963827,2.999999999994511
1741546708.0147998,2.999999999995021
1741546708.035132,2.999999999995483
1741546708.051576,2.999999999995903
1741546708.0706227,2.9999999999962834
1741546708.0948508,2.9999999999966285
1741546708.114374,2.9999999999969416
1741546708.140295,2.9999999999973572
1741546708.190705,2.9999999999979288
1741546708.209762,2.999999999998121
1741546708.2309368,2.9999999999982956
1741546708.2501128,2.9999999999984537
1741546708.265269,2.9999999999985274
1741546708.285818,2.999999999998664
1741546708.3040388,2.999999999998788
1741546708.3232574,2.999999999998901
1741546708.3443758,2.999999999999003
1741546708.3628237,2.999999999999096
1741546708.3842945,2.9999999999991798
1741546708.404047,2.999999999999256
1741546708.42363,2.9999999999993254
1741546708.4462373,2.9999999999994174
1741546708.4684188,2.999999999999471
1741546708.4853582,2.9999999999994964
1741546708.5036292,2.999999999999543
