1741546327.7056267,0.0,0.0
1741546327.7592156,0.0,0.0
1741546327.7900062,0.00014265,0.0
1741546327.80865,0.00261524999825492,5.390711882711536e-08
1741546327.8296103,0.008891848759865085,3.5611530893481003e-06
1741546327.8515856,0.02543759002356702,0.00020065540553595225
1741546327.8742456,0.041223606995246506,0.00032238142714942434
1741546327.8964038,0.06081391767663787,0.00042388341199806143
1741546327.916867,0.08411497497650787,0.000615649728338047
1741546327.935708,0.11082248738245491,0.0008847924352931164
1741546327.9595942,0.1406201065740548,0.0012269697265566003
1741546328.1950576,0.65711648077486,0.008925042742731449
1741546328.2180266,0.7085899684361193,0.010243524947914404
1741546328.4680934,1.3998828588720533,0.024036776536085946
1741546328.486391,1.457598308954902,0.02433844645977517
1741546328.5095966,1.5155263468110534,0.02449862975253478
1741546328.5488882,1.6319419297317168,0.02441072041356691
1741546328.5687363,1.6903952924861834,0.024417719565532982
1741546328.5893087,1.7489921310666021,0.024532980801218816
1741546328.6102695,1.8077189211876195,0.02475465816909089
1741546328.6889772,2.0437023974418613,0.024541205199108664
1741546328.7087748,2.102918671201948,0.024083318237109904
1741546328.7249153,2.1622062818474697,0.02348418091966665
1741546328.779402,2.310686515339254,0.021036207684005753
1741546328.8008904,2.3701658231030804,0.01964422211010467
1741546329.0384748,3.0862882146478183,0.02790305105982466
1741546329.085052,3.2352602915212585,0.04225926260736812
1741546329.1322052,3.3837413856972023,0.06158593144463286
1741546329.1479828,3.413367458811562,0.06601461549069162
1741546329.1641622,3.472595386843406,0.07507435334309574
1741546329.1869502,3.5318292996042406,0.08414605162004477
1741546329.2047157,3.5910666353650305,0.09324163571293671
1741546329.226585,3.650331978787767,0.10219501896436001
1741546329.2438116,3.70962506265948,0.11100266550663906
1741546329.3414671,3.976927652486408,0.1476352889930911
1741546329.3624716,4.066154927107002,0.15902798307028507
1741546329.378321,4.095911036930566,0.16272918033298167
1741546329.397517,4.155439710689386,0.17001471917437544
1741546329.621979,4.812001240694077,0.23498678804859277
1741546329.6371708,4.871809097892153,0.2396777719143242
1741546329.652384,4.931630698129457,0.24420051166301185
1741546329.6698372,4.961545941843601,0.24640617287961855
1741546329.688629,5.021386890666017,0.2506801472624706
1741546329.7061026,5.0812499147049905,0.2546398267999696
1741546329.720887,5.111191687051811,0.25646253684171727
1741546329.7360253,5.171094738235773,0.2597777861692699
1741546329.7520788,5.231020267624255,0.2626682055468421
1741546329.7753384,5.290965634754698,0.2651234192243582
1741546329.791582,5.350928035581062,0.26713147166394385
1741546329.8054833,5.380914839851152,0.26795770491875326
1741546329.8188982,5.410904368123461,0.26868186318563864
1741546329.834156,5.470891255623209,0.2697663210029995
1741546329.8527193,5.530885011441981,0.2703916368246434
1741546329.8681111,5.560883025644474,0.2705877883938831
1741546329.888464,5.62087995854499,0.2708389945794756
1741546329.9044418,5.680877638593789,0.2708701653147163
1741546329.919296,5.710876567038585,0.2708361504013992
1741546329.9400787,5.770874609667257,0.27083308273599155
1741546329.9579577,5.830872807363765,0.2708893766083649
1741546329.9761531,5.890871061414353,0.27101611983210105
1741546329.9966824,5.950869207948525,0.27123225922007405
1741546330.0152376,6.01086700314194,0.2715561909020125
1741546330.029575,6.040865622194882,0.27177019971254995
1741546330.044012,6.100862262204793,0.2722830828504802
1741546330.0586286,6.130860214350166,0.2725844234644738
1741546330.0727906,6.190854843768236,0.2733086997758783
1741546330.0928326,6.250847581672167,0.2741818809887389
1741546330.109034,6.2808429858099935,0.2746824149906464
1741546330.1267908,6.340832024410369,0.275786370060654
1741546330.142502,6.370826090726509,0.2763644936475434
1741546330.1544445,6.430816203036179,0.2774158373053115
1741546330.1683424,6.460812046633435,0.2778960155641214
1741546330.1823683,6.490807665337277,0.27839080633466706
1741546330.198385,6.550796349483867,0.27952661077587565
1741546330.215935,6.610782623838993,0.28078601933261726
1741546330.2318673,6.670773939973119,0.2817707699067091
1741546330.2445235,6.700771374145992,0.2821465372652737
1741546330.256811,6.730768605226692,0.2825387479599461
1741546330.2712991,6.790761136029114,0.2834607851059685
1741546330.2837203,6.820756497765481,0.28397818360035687
1741546330.294899,6.85075158607602,0.28451167987267406
1741546330.306928,6.880745896597744,0.28508764966923245
1741546330.31992,6.9107404056161075,0.2856535162321292
1741546330.3322966,6.970733963527244,0.28650243593528235
1741546330.3465366,7.000732295805549,0.2868060449966581
1741546330.359951,7.030730481801653,0.2871241481287242
1741546330.375365,7.090725305140158,0.28789382735215063
1741546330.3883672,7.120721972621699,0.28833357572761936
1741546330.4035945,7.180714198094255,0.2892857996153286
1741546330.4151833,7.210709726623778,0.28979823160439816
1741546330.4291096,7.240703986053581,0.29037973295616837
1741546330.4419925,7.270695780796392,0.2910770758706266
1741546330.4531977,7.3306761979748964,0.29260356875623245
1741546330.467318,7.360665048191776,0.2934186480284323
1741546330.4869413,7.420644207159492,0.294993897286136
1741546330.4997463,7.450634105791663,0.29576975909120196
1741546330.511545,7.510609827878278,0.29747180937899576
1741546330.52533,7.540595662605658,0.29839172894685795
1741546330.5366845,7.570580697950992,0.2993374378443205
1741546330.5473483,7.600564049732367,0.30033516771265556
1741546330.5610628,7.630546570146122,0.30135764884466537
1741546330.5727196,7.6905071073410936,0.30353069290393836
1741546330.5830688,7.7204849820023185,0.3046815179895006
1741546330.595866,7.75046188189361,0.3058575113365224
1741546330.6082494,7.7804366844750605,0.3070858429850519
1741546330.620004,7.8104115005785575,0.3083139049057132
1741546330.631902,7.8703653626407535,0.31066461237543713
1741546330.642714,7.900344055755541,0.3117942177020034
1741546330.6538832,7.9303231793160025,0.312912381420174
1741546330.6709058,7.990284761906992,0.3150574789984035
1741546330.6834242,8.020268100120024,0.3160559620842705
1741546330.695785,8.050255038268975,0.3169398123077465
1741546330.7059367,8.080243659805479,0.3177651113315776
1741546330.7180471,8.110232616324575,0.3185781499474004
1741546330.7299893,8.140222756567205,0.3193463215964491
1741546330.7406929,8.170213443979678,0.3200928465274879
1741546330.7523243,8.230197859844576,0.3214581274675622
1741546330.7631822,8.260191509958746,0.32207433843365446
1741546330.7787523,8.290185707774901,0.3226633297939333
1741546330.7900891,8.320181361236187,0.3231719166134257
1741546330.8013473,8.350178891761427,0.32355422780019777
1741546330.8278072,8.440173304059195,0.32455038829581645
1741546330.849699,8.500168095046583,0.3253380938570621
1741546330.8721251,8.588256223909951,0.3266525717833693
1741546330.8965838,8.644619121483325,0.3277960279461843
1741546330.9242668,8.729731646875083,0.331180152291854
1741546330.9462192,8.786739188481143,0.33529772829577703
1741546330.9725258,8.872335560111305,0.3455616304232336
1741546330.9923663,8.929168060088928,0.3559020396297124
1741546331.0155528,8.985524518681009,0.36949204921496837
1741546331.035705,9.041187028561394,0.38634945332698234
1741546331.052318,9.09592375110501,0.4065026424621128
1741546331.0760908,9.149491982205136,0.4299693863973578
1741546331.0977962,9.201644950726983,0.45674004847475363
1741546331.1177034,9.252136975231068,0.48677388890962214
1741546331.1368608,9.300727127328784,0.5200003686998926
1741546331.1584244,9.347181811862622,0.5563219842824652
1741546331.17837,9.391276640224193,0.5956172588402665
1741546331.2017872,9.43279786952027,0.6377434327829948
1741546331.231351,9.489810669267351,0.7058861758669739
1741546331.2592242,9.53996594037552,0.7794067358427065
1741546331.2820559,9.56930657797615,0.8310776499671604
1741546331.2998548,9.595201289910671,0.8846173245481439
1741546331.321494,9.617520815604673,0.939794949982076
1741546331.3453367,9.644048590328818,1.0251063070623374
1741546331.362386,9.650896841988118,1.0536261200183903
1741546331.3790677,9.661253393564154,1.108458014874526
1741546331.4007854,9.66777892299804,1.1606187421538947
1741546331.4210699,9.670656847695163,1.2127125997076431
1741546331.4517407,9.667105114567576,1.3121029509187154
1741546331.4735258,9.6613132309852,1.3626659788338849
1741546331.4956915,9.653838479184888,1.4138638828326782
1741546331.522326,9.645317494570813,1.4656761437194372
1741546331.5444365,9.631793723061488,1.5445719614370466
1741546331.5711694,9.618756983820772,1.6249206212318752
1741546331.596322,9.610160877321542,1.6791703553695854
1741546331.6200907,9.601285081908046,1.7338522767325024
1741546331.6380508,9.592392287999573,1.7889642921909625
1741546331.6634037,9.578832698540019,1.872321253727683
1741546331.6818473,9.574447342529671,1.9003035869215297
1741546331.704226,9.561308074915388,1.9847220302536355
1741546331.7225378,9.552495872382558,2.04134728812995
1741546331.737888,9.548231421560928,2.0697779502866673
1741546331.7536352,9.539958096316218,2.1268544273481864
1741546331.7726722,9.53189168813059,2.1841788078161337
1741546331.7908509,9.523899347501967,2.2417114209051423
1741546331.8181014,9.515801806731833,2.299408843126748
1741546331.8434324,9.504376154512299,2.3863521663474794
1741546331.8626385,9.497400792753082,2.4445741990644936
1741546331.8827574,9.490569110179452,2.502940508135953
1741546331.8982532,9.487309385463949,2.53218549138967
1741546331.9160886,9.480945431121084,2.5907736493052083
1741546331.9324849,9.47491091761261,2.6494959921710937
1741546331.9526923,9.469724006043913,2.708389012013776
1741546331.972952,9.465494237307542,2.767440305367388
1741546331.98978,9.463702338104548,2.797015856646444
1741546332.011342,9.459317942372214,2.885898492175862
1741546332.0311859,9.456880200290058,2.945253666484447
1741546332.0887978,9.45113978225718,3.093886087230302
1741546332.1100886,9.44908791412354,3.1534277091580623
1741546332.1277294,9.447519595608231,3.213023293612776
1741546332.145435,9.446373709186293,3.2726641909024394
1741546332.1675005,9.445248579727366,3.332337841184656
1741546332.1855829,9.444178645547275,3.3920417972838193
1741546332.2053604,9.443302387834908,3.451775511698313
1741546332.2233045,9.442923852261021,3.4816523900088026
1741546332.2420318,9.442306491468951,3.5414246954617177
1741546332.2581737,9.441827410928834,3.6012191191804943
1741546332.2820823,9.44127333340295,3.6610318002830247
1741546332.3014777,9.440881426014371,3.7208629093025003
1741546332.54961,9.431928719039307,4.469635389530791
1741546332.5753832,9.429384174583204,4.5595334443290865
1741546332.5920076,9.427483591416538,4.619464440443106
1741546332.6345065,9.423226222715604,4.739321521786943
1741546332.648766,9.422172325841068,4.769288133141269
1741546332.6631253,9.420128630427042,4.82922565216086
1741546332.6814396,9.41913659663809,4.859196397407169
1741546332.703045,9.417242218842691,4.919142591119395
1741546332.7202332,9.41560904247443,4.979098552513659
1741546332.731985,9.414369052101518,5.039065954688493
1741546332.7553523,9.413522237904218,5.099042015055948
1741546332.774399,9.413084081582925,5.159024096446535
1741546332.7903326,9.412991315093352,5.189016437889868
1741546332.8082924,9.412910512594884,5.249002377315392
1741546332.8216755,9.412932663511192,5.2789958733325735
1741546332.841325,9.413112402447648,5.338983525322154
1741546332.8547184,9.413252423415484,5.398972399765939
1741546332.8754165,9.413586014986292,5.458961517870775
1741546332.893818,9.414104288901205,5.518950251777064
1741546332.9062505,9.414433995039987,5.548944248730978
1741546332.9207711,9.414765433407347,5.578938426894506
1741546332.9345577,9.41532598497393,5.638928385467164
1741546332.9504776,9.415785166913757,5.6989198949015645
1741546332.9630535,9.415970120324927,5.728916196502486
1741546332.9770455,9.416141810769624,5.758912725464664
1741546332.9895837,9.41627181645985,5.788909605515573
1741546333.000982,9.416385607786943,5.818906686147169
1741546333.017585,9.41650493537932,5.878901536196462
1741546333.0319846,9.416339312016728,5.938896597011157
1741546333.046252,9.416133384271717,5.968893771118009
1741546333.0628464,9.415640416056222,6.028887783223498
1741546333.0735092,9.415345022849227,6.058884496092321
1741546333.087852,9.414995970643998,6.088880719358054
1741546333.1004684,9.414644953975044,6.118877003688086
1741546333.1115196,9.414014432631417,6.178870595324805
1741546333.123907,9.41362937924098,6.208866685552402
1741546333.1348355,9.413239244439291,6.238862780397301
1741546333.146585,9.412892532775638,6.268859473389272
1741546333.162637,9.41226539190998,6.328853759262278
1741546333.3866432,9.414056976896987,6.988815865936804
1741546333.4015434,9.414571984250655,7.018811056505279
1741546333.4131715,9.415736233559802,7.078799030534145
1741546333.4267352,9.416385567626543,7.108791666048916
1741546333.4391851,9.417061779444909,7.138783723555144
1741546333.4501302,9.417791860905762,7.168774533016406
1741546333.4634674,9.419209471422134,7.22875720038179
1741546333.4751737,9.419882987827878,7.258749376048476
1741546333.4875386,9.420518520189017,7.288742392906618
1741546333.5122607,9.422303216364623,7.378723988688236
1741546333.536172,9.423352239703156,7.4387144111336445
1741546333.5597782,9.424278348877483,7.498706892676239
1741546333.5838554,9.424916891350213,7.588702912073644
1741546333.6114557,9.423046129236978,7.678677675103392
1741546333.6392865,9.419521473316806,7.738570482923343
1741546333.6632488,9.413537088262295,7.798265777424484
1741546333.6865904,9.398746172286115,7.887013724612837
1741546333.7145848,9.376258499049213,7.974127955437641
1741546333.7399244,9.356915377759877,8.03091448262775
1741546333.7633743,9.321321954713223,8.113539763865766
1741546333.7940838,9.277935842334013,8.192350696099599
1741546333.8373623,9.208410796984804,8.29005042695819
1741546333.8609102,9.168930110674468,8.335216245433296
1741546333.8829808,9.104259702205058,8.397753247429268
1741546333.9311485,8.987181028057543,8.48423203086427
1741546333.955962,8.941846739141603,8.510480000848643
1741546333.982544,8.896163859098309,8.532984766995167
1741546334.005149,8.823693874544935,8.561657469147326
1741546334.026543,8.773446186231258,8.578171500286544
1741546334.0512521,8.697854628261007,8.598770171754287
1741546334.0805132,8.651233625571615,8.60955010202214
1741546334.1000636,8.607968942032894,8.617813786838896
1741546334.1239727,8.546715614050727,8.625644973077652
1741546334.1528144,8.481844763783569,8.629416813779908
1741546334.1765468,8.43662204511053,8.630779974952176
1741546334.2016206,8.390013577250242,8.631451894275449
1741546334.2206197,8.342157637330875,8.631585345304577
1741546334.242716,8.26829874388155,8.630678614770073
1741546334.2644727,8.217831537080112,8.629474729637181
1741546334.290116,8.166489027028604,8.62794117111162
1741546334.3122573,8.08800247870391,8.625408296827933
1741546334.3319547,8.0348072961988,8.623425519332823
1741546334.3910027,7.871677204637248,8.617487037575337
1741546334.4223824,7.816298678117434,8.61543406607016
1741546334.4452956,7.732456165119567,8.612064921846885
1741546334.4626412,7.70432010661625,8.610904356213512
1741546334.4834046,7.6194002529116895,8.607490936262357
1741546334.5086994,7.562409638565499,8.605034425883138
1741546334.530837,7.47641584987598,8.601368841182039
1741546334.5506608,7.418789946959348,8.598809729303467
1741546334.5816464,7.360954194638883,8.596129168766355
1741546334.6053045,7.2738298787566285,8.592334334749669
1741546334.6221712,7.244700279587254,8.591091818012567
1741546334.6434255,7.1570831418844225,8.587247000432324
1741546334.876677,6.477230472643957,8.567644588126125
1741546334.9098587,6.387884929632661,8.566547148297898
1741546334.9297438,6.328269470572598,8.566007613788484
1741546334.9468164,6.268617319363794,8.565626100312086
1741546335.1610842,5.640809986802061,8.56123489215551
1741546335.1774018,5.580933578067583,8.560110926933085
1741546335.1929922,5.521049780384052,8.558832129813226
1741546335.2097306,5.491105721179805,8.558127235961575
1741546335.2265131,5.431213501325791,8.556612379401034
1741546335.2449536,5.371313269950366,8.555088686416235
1741546335.261565,5.341360048583194,8.554336933577185
1741546335.2835896,5.251497901646126,8.551790304298377
1741546335.3022487,5.221542721162038,8.550871560735533
1741546335.4316924,4.802195012679682,8.533924112974109
1741546335.4502306,4.772247898132027,8.53241333541664
1741546335.473337,4.682413531974898,8.527667651772193
1741546335.489513,4.652472315900876,8.525996475289029
1741546335.5078778,4.592590707706728,8.522608966121876
1741546335.5229034,4.532716118399661,8.519063964666394
1741546335.5392005,4.502782186482558,8.517223618516104
1741546335.5574782,4.4429196317867765,8.513436652891738
1741546335.6355295,4.203496583128119,8.497645985363016
1741546335.6525438,4.14366218515563,8.493340994481391
1741546335.6681497,4.113748161329157,8.49113940588063
1741546335.6858485,4.053928847420741,8.486609763701246
1741546335.7010975,4.024023758229241,8.484281079058386
1741546335.7170808,3.964221042490117,8.479521381937888
1741546335.7325838,3.9044301925499196,8.474605650822657
1741546335.7484362,3.874538840322106,8.472095477326798
1741546335.7834716,3.7549689408983506,8.462094465116646
1741546335.8037002,3.6951436014509653,8.457590581122808
1741546335.8200521,3.6652232041630257,8.455440382870366
1741546335.8337746,3.6053890326112352,8.451044574993293
1741546335.851212,3.5455537961177623,8.44665749653284
1741546335.8665378,3.5156339218265464,8.444492732900867
1741546335.8816378,3.4857173236645864,8.442281922034132
1741546335.9107897,3.366055631445918,8.433365641125581
1741546335.9248426,3.336127000069451,8.43131861818051
1741546335.9435813,3.2762490119963985,8.427539478115383
1741546335.9588752,3.2462950357249363,8.425901541934836
1741546335.9800947,3.1863708874712673,8.422932278500912
1741546335.9943235,3.126439898855909,8.42009973108558
1741546336.0079818,3.096471708123309,8.41873985566436
1741546336.022704,3.0365222623499677,8.416326326797558
1741546336.0369697,3.0065419642205615,8.415262656727792
1741546336.0604053,2.9465772663859586,8.413251689790782
1741546336.0749161,2.886606357242198,8.411430720027072
1741546336.092021,2.8266339912120935,8.409653089578738
1741546336.10608,2.7966477190176713,8.408765678826587
1741546336.1246233,2.73667104680721,8.40713313289522
1741546336.1388464,2.7066836714441402,8.40628086191643
1741546336.157769,2.646710568009842,8.404517235997544
1741546336.1711872,2.586735886538852,8.402805791203921
1741546336.1860232,2.556746951000026,8.402006162568467
1741546336.199618,2.526756088741249,8.401282213338979
1741546336.2180943,2.4667678237614177,8.400134813434335
1741546336.2390013,2.4067766603520573,8.399147302950922
1741546336.2546375,2.346780202533674,8.398562133521931
1741546336.2676022,2.3167807739094277,8.398432014100617
1741546336.2839022,2.2867811066402495,8.398366815405597
1741546336.3010197,2.2267816671582685,8.398357145014094
1741546336.3154905,2.1667853115490905,8.398934885025337
1741546336.3311918,2.106796207198319,8.400054357298941
1741546336.3467302,2.076802222729624,8.40064569461767
1741546336.3666122,2.0168127014330053,8.401748254874471
1741546336.380356,1.986817442794061,8.4022724524367
1741546336.3968155,1.926829331807485,8.403448956521007
1741546336.4113793,1.8668423659600586,8.404685756928364
1741546336.4256647,1.836848833717862,8.405302375973172
1741546336.439341,1.8068566495670408,8.405981681345944
1741546336.454237,1.7468714592581596,8.40730366901305
1741546336.4688885,1.7168785904889439,8.407952816745617
1741546336.4863188,1.6568954164354421,8.409365253665156
1741546336.4995964,1.6269027083328884,8.410022465999297
1741546336.5178633,1.5669188668691338,8.411406302531036
1741546336.531184,1.506934974545328,8.412788786471884
1741546336.5441751,1.4769425706758699,8.413460576650728
1741546336.556117,1.446951405127995,8.41418568405092
1741546336.5703228,1.4169607806065079,8.414932988825932
1741546336.5874057,1.3569824551276686,8.41654086305763
1741546336.5995333,1.3269948318403002,8.41740050643171
1741546336.6167243,1.2670177960222535,8.419055642585105
1741546336.6283138,1.2370287487872347,8.419864328934462
1741546336.6431582,1.1770544437235249,8.421616676163328
1741546336.6564314,1.1470699893646825,8.42258050013902
1741546336.6681943,1.117089634779837,8.423664468358504
1741546336.6808453,1.087111584010946,8.424810819814617
1741546336.697615,1.0271584744741915,8.427180095615133
1741546336.7094827,0.9971837731877642,8.428411010784489
1741546336.7205226,0.967211247487533,8.42969384124858
1741546336.7322965,0.9372398556092632,8.431002925781383
1741546336.7458572,0.8773019533805732,8.433730670897708
1741546336.7590125,0.8473310735777726,8.435051536326846
1741546336.7766995,0.7873866519083399,8.437631997608902
1741546336.7908766,0.7274371957700017,8.44009197472289
1741546336.8052266,0.6974569529541689,8.441179627875373
1741546336.818483,0.6674747642842445,8.442212651397133
1741546336.8304663,0.6374922793725127,8.44323703836544
1741546336.8438008,0.577524757437062,8.445209736292156
1741546336.8585298,0.5475428045786896,8.446249626578437
1741546336.8729522,0.48758148467088097,8.448402404157987
1741546336.8839996,0.45760104491633136,8.44948506549709
1741546336.8988464,0.4276185208083218,8.45050840320241
1741546336.9124599,0.3676492354384733,8.452425043635813
1741546336.9233077,0.3376599218074845,8.4532246596698
1741546336.9381833,0.30766899692758526,8.45396199802651
1741546336.950549,0.24768536007886244,8.455361320550114
1741546336.962991,0.2176925054185476,8.45601547524538
1741546336.9747922,0.18769857333804055,8.4566182219764
1741546336.991995,0.12770871249981114,8.457718629222386
1741546337.0046995,0.09771282973864912,8.458214958152228
1741546337.0152893,0.06771609671863334,8.458656937629533
1741546337.0275815,0.037719338167796435,8.45909728089802
1741546337.0383499,0.007723257763529851,8.459581635503188
1741546337.0522757,-0.05226785837025581,8.460612454001504
1741546337.0653956,-0.08226291154570821,8.461156797813233
1741546337.0781248,-0.11225725156089959,8.461739123367442
1741546337.0910985,-0.14177595557277473,8.462323635751027
1741546337.1044352,-0.19847938840882093,8.463550359653789
1741546337.1157935,-0.22670252725425127,8.46423689444562
1741546337.130589,-0.2833891866429338,8.465906343027843
1741546337.1435819,-0.31184748964329645,8.466788500944421
1741546337.1555653,-0.3403770048982688,8.46771729235923
1741546337.166001,-0.36897499634039077,8.468669281460867
1741546337.1764593,-0.3976362902367546,8.469697431785592
1741546337.1876805,-0.4263557842418411,8.470847402514114
1741546337.1980567,-0.45513240403777006,8.47206377954016
1741546337.2089212,-0.48396625050530934,8.473274758665443
1741546337.22342,-0.5417985354510345,8.475591624792694
1741546337.2342234,-0.5707923883670507,8.476682407619101
1741546337.2449112,-0.5707923883670507,8.476682407619101
1741546337.2556853,-0.6289277014796284,8.478604854358872
1741546337.2672675,-0.6580611359267287,8.479538650074177
1741546337.2785017,-0.687236180970075,8.480437546962033
1741546337.2897022,-0.7164501916245472,8.481324021506888
1741546337.3001692,-0.7457021927078071,8.482168610726452
1741546337.3122084,-0.8043075309654829,8.48392523369717
1741546337.3230772,-0.833658048957104,8.484822864723622
1741546337.3335795,-0.8630404282372441,8.485665907705979
1741546337.3446877,-0.8919629797447814,8.486469634639713
1741546337.3558986,-0.9204483475708167,8.487205631318528
1741546337.3662853,-0.9490058280645047,8.487921163568442
1741546337.377611,-0.9776326198956232,8.488590191206304
1741546337.3886204,-1.006324822580163,8.489238800444497
1741546337.399546,-1.0350798959710776,8.489840588896698
1741546337.4108932,-1.0927657396667154,8.49095509294095
1741546337.4215531,-1.0927657396667154,8.49095509294095
1741546337.4317877,-1.148663239708203,8.491896454020718
1741546337.46508,-1.2302782154769527,8.493444484299793
1741546337.4932997,-1.313024576779591,8.495336732021308
1741546337.5707061,-1.5381633227048535,8.49888455249255
1741546337.6023312,-1.595271073131964,8.499463617998408
1741546337.6349025,-1.7102697296455742,8.500202297318046
1741546337.666483,-1.7971103304268508,8.500034626079403
1741546337.698183,-1.8843792683898017,8.499538295746218
1741546337.7193265,-1.942766681749379,8.499021032797918
1741546337.7493074,-2.030620671429441,8.497955422444127
1741546337.784071,-2.148201254622683,8.496256904329728
1741546337.8094494,-2.2071550070252526,8.495312021486221
1741546337.8406663,-2.2957666084846298,8.494096844871383
1741546337.8735507,-2.4142057817750837,8.492710487731403
1741546337.9043162,-2.5032146777894537,8.491389570068
1741546338.1367724,-3.1889373384263062,8.482032846778768
1741546338.1557064,-3.248748523681797,8.48200663549904
1741546338.1843188,-3.3384972984995063,8.48225328159761
1741546338.205522,-3.3983483566318333,8.482593721351227
1741546338.3262606,-3.7577021185575115,8.481761367415961
1741546338.3508525,-3.8475793173647403,8.480230049023161
1741546338.386782,-3.9374581518119394,8.478054688939864
1741546338.4062037,-3.9973824053864386,8.476511053319234
1741546338.4319997,-4.087274095656922,8.474038277208905
1741546338.4643424,-4.177163157526389,8.471138827278192
1741546338.487963,-4.237087223836484,8.469002198398128
1741546338.5141563,-4.32696873772535,8.465500994528217
1741546338.550687,-4.446797581929257,8.460261742996428
1741546338.5766356,-4.506704910078269,8.457401074154095
1741546338.600737,-4.566606600375558,8.454379390299664
1741546338.659306,-4.746317841880928,8.44521027457091
1741546338.6797523,-4.806234825442765,8.442354411506866
1741546338.6977658,-4.866158379267471,8.439609349016596
1741546338.7231295,-4.9560566930360075,8.43573207401442
1741546338.7453425,-5.015997212349956,8.433312942139423
1741546338.7745576,-5.105920161387151,8.429950783327005
1741546338.8000348,-5.165876837939814,8.427903072365227
1741546338.8215072,-5.2258393898264845,8.42601057311937
1741546338.8568625,-5.345775747215707,8.422528950378029
1741546338.8783894,-5.405742772461077,8.420718982805667
1741546338.8963444,-5.46571497681536,8.419070606121078
1741546339.1488302,-6.215243761065262,8.394141928760616
1741546339.1671903,-6.275169970204965,8.391195671551653
1741546339.1945324,-6.365044619892112,8.386483358710658
1741546339.226233,-6.454899077927563,8.381396161057538
1741546339.2550924,-6.5447517978965095,8.376274068653057
1741546339.274269,-6.604661212631782,8.372993121331051
1741546339.2932482,-6.634618315928044,8.37139645429115
1741546339.3112907,-6.724496860824367,8.366742754041546
1741546339.343037,-6.814390052882412,8.36237847862417
1741546339.3620834,-6.844357270187508,8.360982156327577
1741546339.381796,-6.904297234358849,8.358310089331244
1741546339.4074266,-6.9942194802595195,8.354587136795454
1741546339.4369993,-7.084154959224303,8.35119658518286
1741546339.4546914,-7.144119253092915,8.349137061385791
1741546339.476599,-7.2040888252805235,8.34723645608995
1741546339.4986594,-7.264063281094006,8.345495792163916
1741546339.5180364,-7.32404152876828,8.343889882033729
1741546339.5350342,-7.384016987843583,8.342182181057117
1741546339.5565732,-7.443989535737889,8.34037439969472
1741546339.5800617,-7.50395898427902,8.338465987199358
1741546339.598654,-7.563924812471544,8.336446534852463
1741546339.619406,-7.62388730818361,8.334329980415633
1741546339.6362774,-7.683853381473974,8.33231693830443
1741546339.6580524,-7.743814489494071,8.330160826535316
1741546339.684651,-7.833745619440721,8.32664630402656
1741546339.708508,-7.893692719854348,8.324130353178612
1741546339.7325363,-7.983601801281589,8.320090190790687
1741546339.7521966,-8.04353229265721,8.317204813712372
1741546339.7709417,-8.073494383695012,8.315697926196135
1741546339.7944763,-8.163385990035188,8.31128499946564
1741546339.8119426,-8.223320407769734,8.308481809906482
1741546339.8283947,-8.253289682612673,8.307125051162696
1741546339.8462436,-8.313231267309156,8.304479673344632
1741546339.867711,-8.373177961488445,8.30195267753318
1741546339.8906968,-8.463107739871672,8.298400914525836
1741546339.9087245,-8.493087358139963,8.29729584110172
1741546339.9321582,-8.583033108444164,8.294174556210937
1741546339.9532363,-8.643003396385575,8.292287882779405
1741546339.9667983,-8.672990515125704,8.291409437738306
1741546339.9856606,-8.732967694749826,8.28975680891584
1741546340.0027385,-8.762957021129681,8.288957172984494
1741546340.0171125,-8.82293280817356,8.287253792974052
1741546340.0370848,-8.88290562984747,8.28544892224131
1741546340.0505137,-8.942875309519739,8.28354246761723
1741546340.0693734,-8.972858590389071,8.2825413671665
1741546340.0829883,-9.03282254280322,8.280462937433288
1741546340.1011908,-9.062803080531967,8.27938278106377
1741546340.124108,-9.152735995391774,8.275910356630325
1741546340.1402564,-9.18271116988257,8.274690376706165
1741546340.1635706,-9.272626069679381,8.270779244983421
1741546340.1883383,-9.332560914353623,8.267984675734606
1741546340.2011788,-9.36252588824691,8.266535589180224
1741546340.2216535,-9.4224506234596,8.263531541687652
1741546340.239425,-9.482380474102884,8.260631323546495
1741546340.2572942,-9.54231514982759,8.257832553863313
1741546340.2719095,-9.602260925233006,8.255285557834348
1741546340.2908313,-9.66221622275597,8.252970174659243
1741546340.317894,-9.722175770049143,8.25076768083995
1741546340.3387704,-9.782140327372225,8.248706151788204
1741546340.3560598,-9.842109973616848,8.246798414978587
1741546340.3835971,-9.93207362188489,8.244243272595607
1741546340.3993006,-9.96206279835087,8.243437654406044
1741546340.4128149,-10.022038336554544,8.241724866755249
1741546340.4271913,-10.05202481453955,8.240824365042236
1741546340.442958,-10.111995948182921,8.238964054380618
1741546340.462521,-10.171963751305462,8.236999372756404
1741546340.4767752,-10.20194645370194,8.235980884642174
1741546340.492412,-10.261908133556926,8.233837143343102
1741546340.507736,-10.291886918559971,8.23270922545607
1741546340.5225306,-10.351840986696256,8.230362673973843
1741546340.5416842,-10.381816147752673,8.229142238245
1741546340.5561326,-10.441761252341422,8.226576538410825
1741546340.5734076,-10.501699657383138,8.223858831867565
1741546340.587745,-10.531665856291248,8.222435224616614
1741546340.6028225,-10.591593197811273,8.219483971372721
1741546340.6171715,-10.621554910968575,8.217968811463285
1741546340.6314664,-10.681481359365922,8.214999274968354
1741546340.6477087,-10.711446249758305,8.213548354179512
1741546340.663509,-10.771380216902926,8.210734327815675
1741546340.678071,-10.801349280243462,8.209372320914778
1741546340.6922708,-10.86129050844015,8.206717771402998
1741546340.7043068,-10.891262775795134,8.205428200936087
1741546340.725064,-10.951211913921268,8.202958456407789
1741546340.741219,-10.98118878455256,8.201780741748637
1741546340.7547383,-11.04114606642081,8.199517773579274
1741546340.7667005,-11.07112648586805,8.198434156711114
1741546340.7801626,-11.101108697403436,8.19740131609253
1741546340.794206,-11.161076476035003,8.195436141491284
1741546340.8108037,-11.221044403591792,8.193475338818152
1741546340.8236034,-11.251027138652015,8.192457772860614
1741546340.8401546,-11.281008526773347,8.191401268394308
1741546340.8529809,-11.340969066742746,8.189226073706145
1741546340.871257,-11.400925618351387,8.186943641307709
1741546340.8826373,-11.430902472317719,8.18576548841925
1741546340.8957949,-11.460877543758992,8.184542825891745
1741546340.9080727,-11.490851838549608,8.183301271475841
1741546340.9197102,-11.520824147682234,8.182012673943225
1741546340.9341393,-11.580764748259476,8.179344124076419
1741546340.9474385,-11.610732910537566,8.177962445168701
1741546340.9629445,-11.670663328205368,8.175073920683408
1741546340.9739974,-11.700625404151108,8.173566015521267
1741546340.9917574,-11.760551925070766,8.170597987503031
1741546341.0023067,-11.760551925070766,8.170597987503031
1741546341.0127199,-11.820483970866087,8.167743562140027
1741546341.0248919,-11.85045146586099,8.166347463538566
1741546341.0353029,-11.88042075802069,8.16499049274017
1741546341.0466976,-11.910390649852758,8.163646833485089
1741546341.0589728,-11.94036237960767,8.16234481716294
1741546341.0700285,-11.970334806834298,8.16105895971985
1741546341.08235,-12.000309111300528,8.159817634485721
1741546341.0934315,-12.060261156842941,8.157419876543136
1741546341.1079693,-12.09023894358547,8.156265709533727
1741546341.1185703,-12.120218578808704,8.155160601644821
1741546341.129119,-12.15019904961499,8.1540783996548
1741546341.1392922,-12.180181302068856,8.153046740497706
1741546341.1558077,-12.240149140249938,8.151083366041233
1741546341.1667724,-12.270134692707174,8.15015254714512
1741546341.1784902,-12.300121824757293,8.149274092103978
1741546341.1934226,-12.360099029265152,8.147621448401507
1741546341.2112682,-12.390089045551221,8.146847692763245
1741546341.2358396,-12.480061985398713,8.144642178983341
1741546341.2531123,-12.540040765559791,8.143047226267054
1741546341.3191187,-12.719877865381413,8.135711262414434
1741546341.3345163,-12.779669163443446,8.130741217596148
1741546341.3641908,-12.868892283011139,8.119062897199674
1741546341.3828773,-12.927789346720463,8.107651965146625
1741546341.401226,-12.956965917867878,8.10067599107915
1741546341.4167252,-13.014648068178092,8.084192608025516
1741546341.4329157,-13.071240900751938,8.064289844171903
1741546341.4474018,-13.099055691088143,8.053053063481604
1741546341.4673693,-13.153555053739703,8.02798024019112
1741546341.4825485,-13.2063432898831,7.999481437443106
1741546341.4996674,-13.23201388557579,7.98395917274721
1741546341.5145845,-13.28176919657779,7.950446706507517
1741546341.5338476,-13.329204341718118,7.913723950656729
1741546341.5494945,-13.351985311586011,7.894206158640988
1741546341.5713065,-13.416224560428498,7.831225847117627
1741546341.588494,-13.436198113238644,7.808843427204896
1741546341.6041203,-13.473824149571954,7.7621213527463535
1741546341.618432,-13.49143207899807,7.7378339964703065
1741546341.6364758,-13.524157026096528,7.687557874379714
1741546341.6492789,-13.539236521386302,7.661624814338733
1741546341.6631155,-13.553421364306619,7.635191790426046
1741546341.6762235,-13.579089577636308,7.580972333948271
1741546341.6971264,-13.601043113582074,7.5251453887000705
1741546341.7126923,-13.619180780442157,7.467964711277014
1741546341.728612,-13.626798426382367,7.438949439676125
1741546341.7424169,-13.63906147371159,7.380227412623197
1741546341.756417,-13.643692591753037,7.350588468146162
1741546341.7760513,-13.649917318305844,7.291401854141185
1741546341.7904458,-13.651521310729311,7.262874498977257
1741546341.8049126,-13.652236133266543,7.20859275781976
1741546341.8212712,-13.6513631063339,7.182888241864361
1741546341.839567,-13.646778656543912,7.1321703361852995
1741546341.8540208,-13.63881114953146,7.081015146014811
1741546341.8686242,-13.63385877064058,7.055308338506248
1741546341.880755,-13.628399062183146,7.029518624096287
1741546341.8947546,-13.616321690921163,6.977673925307838
1741546341.9078076,-13.609870022429291,6.95160410936269
1741546341.9214087,-13.60324574990589,6.925423361963548
1741546341.937028,-13.589744850617535,6.872692316758434
1741546341.9546776,-13.576022757766124,6.819484385456182
1741546341.9670796,-13.569206147811505,6.792684618213391
1741546341.9802275,-13.562490345411627,6.765744387727085
1741546341.9944012,-13.549345426419729,6.71147060572353
1741546342.0071259,-13.54301967629615,6.684124107150911
1741546342.020132,-13.536828256447029,6.656652700635736
1741546342.0346136,-13.524603164656998,6.6014100155982876
1741546342.0496702,-13.518456913819794,6.573672198647647
1741546342.0644348,-13.505846978235736,6.518039181763691
1741546342.0802956,-13.499389481263007,6.490150297509294
1741546342.0928338,-13.486174119927373,6.434244848990376
1741546342.1102018,-13.479417954275313,6.406234687805021
1741546342.1225958,-13.465770553580144,6.350075657228498
1741546342.1366746,-13.458888593905595,6.321930007996496
1741546342.1526253,-13.445465596087343,6.267462157916118
1741546342.1658444,-13.438928008966533,6.241655107521565
1741546342.1786358,-13.432577255301933,6.21678179181572
1741546342.192573,-13.420076855308725,6.167499491918308
1741546342.2071652,-13.413863726674485,6.142515050586183
1741546342.2192147,-13.407640394805108,6.117324699632004
1741546342.2315183,-13.395095451806531,6.06638232709684
1741546342.2438245,-13.388875257507562,6.040624014877969
1741546342.2565393,-13.38265904571072,6.014693496315447
1741546342.2740357,-13.370310461408515,5.962895768790237
1741546342.2853549,-13.364549056694967,5.9380812194649275
1741546342.2959468,-13.358940838445802,5.913597300690092
1741546342.3126729,-13.348535907027902,5.8661534872771375
1741546342.323479,-13.343704809930786,5.843162211060577
1741546342.3354616,-13.338963088831614,5.820476117392027
1741546342.3469515,-13.334251181483465,5.798092302881357
1741546342.3602278,-13.329433588990526,5.775384516589254
1741546342.373886,-13.319992262814779,5.73153455887814
1741546342.3850672,-13.315410229739959,5.7110395469354325
1741546342.3985775,-13.310844401796558,5.690797347022793
1741546342.4117882,-13.301734301244691,5.649674431068795
1741546342.4235883,-13.297649833173388,5.6301179076172785
1741546342.436622,-13.29381114845713,5.6107419208387475
1741546342.448592,-13.290260815912879,5.591540879551852
1741546342.4612885,-13.287139116426582,5.573137956777522
1741546342.4730713,-13.281839026005454,5.538165678534733
1741546342.485095,-13.27963417043084,5.520848827102702
1741546342.4991205,-13.27766074767494,5.502903949459364
1741546342.5102563,-13.276026459454242,5.484952275420586
1741546342.5279858,-13.273609252520775,5.450602858230564
1741546342.5407624,-13.272788968442168,5.434016277110213
1741546342.5537975,-13.27199200419748,5.401672033182644
1741546342.5693986,-13.271967913200758,5.385818772074852
1741546342.5847623,-13.272459733672148,5.352957633987436
1741546342.5963826,-13.272941381130446,5.336077477793006
1741546342.6098714,-13.273550766671097,5.319083183484296
1741546342.6240752,-13.275138131082414,5.283283793236969
1741546342.6359367,-13.276116348216513,5.264537108527028
1741546342.646283,-13.277183864245615,5.245260579619153
1741546342.6577191,-13.278377650518358,5.225482016549665
1741546342.671658,-13.281018388165359,5.18450796287
1741546342.683196,-13.282375478905001,5.163351913508924
1741546342.6951935,-13.283720734667957,5.141775817161503
1741546342.7070048,-13.285094473240406,5.119802156421458
1741546342.720276,-13.28648923170895,5.097449458036292
1741546342.7310936,-13.289560833214313,5.0516927514839125
1741546342.741489,-13.289560833214313,5.0516927514839125
1741546342.752471,-13.293111320712988,5.004654129555783
1741546342.763117,-13.295069715244779,4.980694009436517
1741546342.774249,-13.29717067500956,4.956461498556758
1741546342.788832,-13.299371091836303,4.931966779343597
1741546342.800419,-13.301632716338261,4.907219469417125
1741546342.811142,-13.30641372205986,4.857022851599686
1741546342.8237133,-13.308942558693884,4.83159765961295
1741546342.8345423,-13.311551887001206,4.8059679337745145
1741546342.8468177,-13.314268589807982,4.780146740092195
1741546342.8583438,-13.31707023409208,4.754141581367731
1741546342.8704464,-13.31998313596241,4.727964715254591
1741546342.8816237,-13.322960180373077,4.701619833613831
1741546342.8943925,-13.329012217996008,4.648448455255994
1741546342.9049184,-13.332095625308062,4.6216384261606365
1741546342.9174838,-13.33523689864463,4.5946908606176535
1741546342.92843,-13.338411839241507,4.567609835084514
1741546342.9402046,-13.341646036940142,4.540404925295491
1741546342.9536161,-13.348099491619378,4.485625303918202
1741546342.9701731,-13.351304425234291,4.458060502868527
1741546343.0071986,-13.363118677899978,4.346665249602018
1741546343.0238562,-13.368577027880116,4.290371791775528
1741546343.091364,-13.387750910184831,4.0910125876092
1741546343.116384,-13.39344734354641,4.033514702556882
1741546343.341098,-13.433401030524097,3.3890528240579174
1741546343.352385,-13.437200132467815,3.329864363950353
1741546343.3690867,-13.439145022719385,3.3002486201028383
1741546343.3846004,-13.443156653988654,3.2409801727070593
1741546343.396861,-13.445224764948135,3.2113290982002725
1741546343.409555,-13.44729160619351,3.1816647369842137
1741546343.4241307,-13.451168986317441,3.122281744591869
1741546343.4371362,-13.452972714784977,3.0925643076438454
1741546343.4483786,-13.45467336392797,3.0628299412365325
1741546343.4646227,-13.457816731662161,3.0033166010719294
1741546343.4768076,-13.459255241324248,2.9735388571846166
1741546343.489498,-13.460583414617732,2.9437470636225265
1741546343.5016973,-13.461825225657238,2.913943046146097
1741546343.5130694,-13.464011127991819,2.8542994779754864
1741546343.5263574,-13.465048665007266,2.8244644941307437
1741546343.5385997,-13.466004369054676,2.7946198018901076
1741546343.5547056,-13.467552210595766,2.7349003076949896
1741546343.567802,-13.468148564240598,2.705027232688066
1741546343.580915,-13.468645313926885,2.67514658283481
1741546343.5927198,-13.469285158326603,2.6153643613663853
1741546343.6046014,-13.469427080339996,2.585464255810301
1741546343.617567,-13.46949317809618,2.555559136823604
1741546343.6296377,-13.46952837259304,2.5256494589357397
1741546343.6418948,-13.469474540480025,2.4957355338478573
1741546343.654602,-13.469011765065787,2.435897336183787
1741546343.6665716,-13.46870725115377,2.4059731991826534
1741546343.6803036,-13.468313534126155,2.376046587662591
1741546343.691584,-13.467148171662412,2.316189680377707
1741546343.7023478,-13.467148171662412,2.316189680377707
1741546343.7153037,-13.46554269039136,2.256330674190619
1741546343.7299051,-13.46469815649737,2.226398062580131
1741546343.742634,-13.463890511100564,2.1964617944044917
1741546343.7535608,-13.462308115490918,2.136580964136576
1741546343.7671711,-13.461504588269715,2.1066374019858674
1741546343.7793057,-13.460630897280334,2.076693632777113
1741546343.7925017,-13.458902041809816,2.016799456191737
1741546343.8059576,-13.458083837676375,1.9873247988733242
1741546343.8181796,-13.457347301605157,1.9583001164161156
1741546343.8288457,-13.45671693124575,1.9292269913566935
1741546343.8423982,-13.456163423108615,1.900108545202806
1741546343.8533914,-13.455340202286438,1.8417439710133883
1741546343.8644905,-13.455073736746932,1.8125023280637524
1741546343.8763006,-13.454891699857404,1.7837171098027196
1741546343.8868387,-13.454828202911434,1.7553667147406589
1741546343.8973298,-13.454829091461352,1.726937799834169
1741546343.9107656,-13.454756810677507,1.669859505439194
1741546343.921195,-13.454756810677507,1.669859505439194
1741546343.9321668,-13.454562032791591,1.6417262255933054
1741546343.944287,-13.454090898712472,1.587759538457174
1741546343.9546406,-13.453809332317752,1.5608224215688224
1741546343.9666572,-13.453427568441802,1.5337409541196394
1741546343.9779415,-13.452996531871301,1.5065215495537974
1741546343.9906776,-13.452228728449148,1.4516914433768142
1741546344.0017319,-13.452228728449148,1.4516914433768142
1741546344.0127065,-13.451466143928794,1.3963817399961533
1741546344.0234163,-13.45106264168197,1.3685614526918666
1741546344.0354898,-13.450706838883494,1.340636999987457
1741546344.0461924,-13.45036905370025,1.3126137313069086
1741546344.056971,-13.450098038192118,1.2844958500710077
1741546344.0682256,-13.449937374778532,1.2562876873336943
1741546344.0789237,-13.449856749634984,1.2279940009909036
1741546344.0901747,-13.449880547720058,1.199619080779833
1741546344.1025884,-13.450190820041124,1.1426420225473197
1741546344.1137838,-13.450479974338045,1.1140475886496852
1741546344.1245327,-13.450878332537584,1.085387697312025
1741546344.1615906,-13.45264291032698,0.9990485094169718
1741546344.1994395,-13.456868912001932,0.8832253141598876
1741546344.2388775,-13.462446440662927,0.7667312922479654
1741546344.2715976,-13.466033957311353,0.6495674396389146
1741546344.30487,-13.464920625245918,0.5613374760087424
1741546344.3333862,-13.458481229985354,0.4731062640979377
1741546344.3691242,-13.444959046779793,0.38548017459939354
1741546344.4098752,-13.41503086397365,0.2708663560794729
1741546344.4418743,-13.383477304886844,0.18760854132654076
1741546344.4817903,-13.329309865601527,0.08179717843924351
1741546344.5219402,-13.261803680124615,-0.016266122172742953
1741546344.5527217,-13.181910198816523,-0.10473329212519483
1741546344.5895784,-13.114631489944857,-0.16377930119527828
1741546344.6239238,-13.01632832739496,-0.23156288614460663
1741546344.6620808,-12.937171674398682,-0.2736481199389165
1741546344.6942513,-12.8340347993824,-0.3172195906031063
1741546344.7365065,-12.741778069102082,-0.34626635807529255
1741546344.7723699,-12.660740770680105,-0.3602132652886545
1741546344.807188,-12.598912658869871,-0.363305803972297
1741546344.8399432,-12.53317669614092,-0.3628701236836531
1741546344.8733335,-12.44050693972468,-0.3602773029994274
1741546344.9052231,-12.367782836570523,-0.35831096302666904
1741546344.932878,-12.292706833445903,-0.35657138226522667
1741546344.9631062,-12.215609024895535,-0.3546126184748238
1741546344.9921763,-12.136763363948395,-0.3525117467898027
1741546345.0203514,-12.083341848206558,-0.3512569053965009
1741546345.054064,-11.974728553256124,-0.34867294692074186
1741546345.1046276,-11.836166617307908,-0.3459208764475932
1741546345.140457,-11.751811222508683,-0.34411565838953195
1741546345.187016,-11.609585251288257,-0.3404886142465901
1741546345.2166052,-11.52343343831292,-0.3379112517597776
1741546345.2523983,-11.407786072051255,-0.33399273818103076
1741546345.2825544,-11.320556971291573,-0.33070118009568467
1741546345.3125007,-11.232953484380124,-0.3275678211899756
1741546345.340397,-11.174367133890621,-0.32560330562861484
1741546345.3813603,-11.056811154533149,-0.32200164777345375
1741546345.425108,-10.909260571842317,-0.31820103717048454
1741546345.4535441,-10.820466393046953,-0.3162022371730628
1741546345.487826,-10.731517012461815,-0.3139625250956812
1741546345.5189312,-10.642435448220867,-0.3114642322701197
1741546345.5491097,-10.553232933210483,-0.3089943668103268
1741546345.5866709,-10.434147425093522,-0.30535316655383016
1741546345.6137638,-10.344738949470756,-0.30239949299705016
1741546345.6473706,-10.255248573107716,-0.29970110865314226
1741546345.6860337,-10.135818771216329,-0.2965127154732656
1741546345.7170045,-10.0461792734676,-0.29431070059380954
1741546345.7490706,-9.95650122277056,-0.29184717592346715
1741546345.7854004,-9.836882519316582,-0.28815058409873073
1741546345.8160694,-9.747136298731112,-0.28518758231228686
1741546345.8423777,-9.687284991291428,-0.2833621001145002
1741546345.8732562,-9.567539919186759,-0.28005110973182146
1741546345.903893,-9.477698266483625,-0.27788230449158385
1741546345.942173,-9.387834669930525,-0.275884531419942
1741546345.9756336,-9.268002189180853,-0.2728273517211554
1741546346.0018003,-9.208081604133131,-0.2711322412521823
1741546346.0359242,-9.088236757722871,-0.26736655593333336
1741546346.0659819,-8.998352746172149,-0.26421157188729444
1741546346.0980387,-8.908454661942995,-0.2612272656804425
1741546346.1416917,-8.788581410280603,-0.2571957052133055
1741546346.1774356,-8.668685741140623,-0.25353919147906734
1741546346.2124715,-8.548770929312164,-0.2502449604465929
1741546346.2480412,-8.458837045533837,-0.24753347104393217
1741546346.281182,-8.368908268094188,-0.2445523371075966
1741546346.3105958,-8.249013824585083,-0.24014653136306613
1741546346.3408523,-8.18907288524194,-0.23773582414407887
1741546346.3715658,-8.069189196093948,-0.2328887683594943
1741546346.4150748,-7.949317442281126,-0.22767958626223725
1741546346.4394846,-7.889381704401451,-0.22504834669821142
1741546346.4669402,-7.799489979918109,-0.22081586971590186
1741546346.4933596,-7.7096059288753835,-0.21639911993598726
1741546346.5209386,-7.6496829387547445,-0.21344903354170755
1741546346.5510375,-7.529830538030931,-0.20765696542075332
1741546346.579059,-7.469895375063281,-0.20494043546382262
1741546346.6024036,-7.409954527972682,-0.2023453371895002
1741546346.6321075,-7.290055571930845,-0.19755246327084308
1741546346.662573,-7.230097549017728,-0.19536953922204298
1741546346.6994777,-7.110179738721569,-0.19103608036623312
1741546346.7234592,-7.020229771531953,-0.1881112786399218
1741546346.751811,-6.930268810546632,-0.18553508396408994
1741546346.7871683,-6.840298935192024,-0.1832803402097576
1741546346.819567,-6.750320574846289,-0.18138273441509564
1741546346.8470352,-6.660335938155636,-0.17979728012542226
1741546346.873015,-6.570353854352184,-0.1780629406838077
1741546346.9018157,-6.510365179528708,-0.1769354246714529
1741546346.9758532,-6.270424662703135,-0.17172540284244997
1741546347.0098727,-6.180459556497954,-0.16924379842271814
1741546347.0467844,-6.060520476206904,-0.1654451762785997
1741546347.0767324,-5.9705670795399755,-0.162564881456383
1741546347.1036117,-5.880624289287076,-0.15936824767488614
1741546347.1325793,-5.790675581258006,-0.15634110370003865
1741546347.1640387,-5.700728958921206,-0.1532517502684047
1741546347.197145,-5.61078770445173,-0.15000851804037577
1741546347.232077,-5.490877559968378,-0.14537413723233344
1741546347.2636702,-5.400936504786374,-0.14212296044047262
1741546347.290251,-5.340979235506136,-0.13986186803250863
1741546347.3311577,-5.191071059718121,-0.13462264694761072
1741546347.3599913,-5.131107231086716,-0.13254258902204136
1741546347.3955536,-5.011165437815236,-0.1288136450085292
1741546347.423916,-4.921199454569641,-0.12634355435687866
1741546347.5779502,-4.471433868914049,-0.11190442876864523
1741546347.6326556,-4.291598258449893,-0.10422554601762926
1741546347.6655273,-4.201703497841584,-0.09987629920934206
1741546347.69173,-4.111819533522255,-0.09530866992457603
1741546347.7175286,-4.051890649349166,-0.09238886617864153
1741546347.7877924,-3.8421011388495536,-0.08299871465941068
1741546347.8162062,-3.7521708963872173,-0.0794575587303319
1741546347.8425298,-3.6622288944484187,-0.07622896534290072
1741546347.8625019,-3.6022608835596484,-0.07427053964534804
1741546347.9097805,-3.482319150535909,-0.0705331566259531
1741546347.9307818,-3.3923576002223874,-0.06790317635046385
1741546347.9577754,-3.3323823684838305,-0.06617949669957546
1741546347.9860625,-3.2424142622031074,-0.06378630248509651
1741546348.011054,-3.152437661718198,-0.06173671575744489
1741546348.072088,-2.972487681805444,-0.05750017949241416
1741546348.0984313,-2.9125011560629592,-0.05623002322096064
1741546348.1371746,-2.7925229359555686,-0.05394688031366708
1741546348.1695879,-2.702544316895622,-0.05198711797268798
1741546348.1990993,-2.6125721756426,-0.0497496918973724
1741546348.22226,-2.552590798793965,-0.04825614912469184
1741546348.2473621,-2.462620647959037,-0.04594103680513449
1741546348.272238,-2.3726599806625983,-0.04328235361307637
1741546348.3002975,-2.3126914926672346,-0.04133886296886247
1741546348.3283494,-2.2227468042025613,-0.03818509736730516
1741546348.3909185,-2.012869512027359,-0.03101550237533463
1741546348.4179282,-1.952914078011475,-0.028704039586390926
1741546348.4516015,-1.8330135832189867,-0.023819537583701117
1741546348.471845,-1.7730581232763358,-0.021508608325815158
1741546348.4975133,-1.7130984925511266,-0.019308537058751747
1741546348.5241385,-1.6231619632262235,-0.015930268843115398
1741546348.5520062,-1.533218181631101,-0.012751157351610434
1741546348.5791059,-1.47325007494425,-0.010795854022300657
1741546348.6056187,-1.3832901785989438,-0.008111143830142031
1741546348.62455,-1.3233117374266583,-0.006503279347446926
1741546348.6455114,-1.263329515795489,-0.0050432647862833435
1741546348.6673326,-1.203344354712878,-0.00370923947975524
1741546348.6906445,-1.1133696684342471,-0.0015749947324007058
1741546348.7110722,-1.0533840479114287,-0.0002630524045905468
1741546348.735053,-0.9933951871594461,0.0008915873188007869
1741546348.772366,-0.873412361331232,0.002918542132643669
1741546348.7984855,-0.8134232366057986,0.004059831734115518
1741546348.820397,-0.7534333786682264,0.005161010639385531
1741546348.8539877,-0.6334560238735569,0.007485713962382631
1741546348.885644,-0.5434799683649016,0.009559682435453402
1741546348.9083767,-0.48350003293840726,0.011110861716700993
1741546348.9362063,-0.39353331321093793,0.01355674984670259
1741546348.9630444,-0.3035685299141025,0.01607158734771486
1741546348.9845958,-0.24359789881627966,0.017948291484776627
1741546349.0099664,-0.18363113027887198,0.019944748675484413
1741546349.0400798,-0.09367857118079859,0.022864877483773895
1741546349.0617635,-0.03371652293219515,0.024997789445751747
1741546349.087352,0.05621667180054903,0.028463413541140112
1741546349.1113296,0.14614238920394984,0.032118357773109306
1741546349.132981,0.20609238135587715,0.0345666293784355
1741546349.1644955,0.29601821550684915,0.03821850662256038
1741546349.1871755,0.35597379750172786,0.040526584728768425
1741546349.2070634,0.4159235497364665,0.042981331524687034
1741546349.2248259,0.47586751927083304,0.04557351294682273
1741546349.2494438,0.5358069306885614,0.048269081772936616
1741546349.2692502,0.5957520764638052,0.05083390710958957
1741546349.2919078,0.6856733876566193,0.05459532811669494
1741546349.3119307,0.7456133640607991,0.057277901868833775
1741546349.3392892,0.8055472989673845,0.06009225909475683
1741546349.3689888,0.8954516448902021,0.06423937817249521
1741546349.3868165,0.9553952295179374,0.06684048085601262
1741546349.4045904,1.0153438017704688,0.06932397262474485
1741546349.4234405,1.0752963334244305,0.07170999150571562
1741546349.4490874,1.1352445840282173,0.07420123299903726
1741546349.473231,1.2251778453440094,0.07766505145900011
1741546349.4936216,1.2851398146725443,0.07980025596612321
1741546349.5126004,1.3451014389326368,0.08194509507771798
1741546349.534313,1.4050639100984448,0.08406590432353139
1741546349.561232,1.4650317894202094,0.08602805954548888
1741546349.5813134,1.525004227080241,0.08784561399276795
1741546349.6152887,1.6449613045282219,0.09104953977116204
1741546349.6340692,1.7049433341992193,0.09251775187149791
1741546349.6579955,1.7649224580226295,0.09410010917753946
1741546349.6789088,1.8248987072456337,0.09578793540296464
1741546349.7014585,1.884871836700623,0.09758317625026532
1741546349.7269132,1.974824325075007,0.10050583622739312
1741546349.7500808,2.03479235641223,0.1024633309293499
1741546349.7720675,2.124741557664799,0.10548468355660248
1741546349.7880805,2.1547216252603545,0.10657799697075336
1741546349.8591692,2.364557614302929,0.11487105346463172
1741546349.877036,2.4245156078660957,0.11711564940924611
1741546349.9008741,2.484477551967767,0.11925209709670022
1741546349.9264927,2.5744282772704237,0.1222285447878877
1741546349.9494538,2.6343956800860746,0.12420519177481038
