1741545837.1741009,0.0,0.0
1741545837.1849797,0.0,0.0
1741545837.2222257,0.0,0.0
1741545837.2515602,0.00011887499999999999,0.0
1741545837.2862732,0.005111624999999998,0.0
1741545837.312075,0.018663374999999996,0.0
1741545837.337185,0.03234158126055468,0.0
1741545837.357877,0.04939176315822336,4.8357925697122944e-05
1741545837.3819072,0.08061287491472366,0.00014732040778689664
1741545837.4058516,0.10478651582391137,0.00018841939672954367
1741545837.4270532,0.13135783731051628,0.00016602503294466017
1741545837.4526846,0.17522882541420629,-3.619758331293557e-05
1741545837.4893875,0.22333152764659728,-0.0004094743585326566
1741545837.5101016,0.2574633286680485,-0.000736307684464871
1741545837.534273,0.3113786411125624,-0.0013455841751539935
1741545837.556618,0.3489392048309697,-0.0018204319848648008
1741545837.5925753,0.4274190831999781,-0.0025923858098608112
1741545837.6149423,0.4681336724062667,-0.0028931372703268447
1741545837.6476994,0.5307975900977271,-0.0031303534698782424
1741545837.6718762,0.5951392795865225,-0.0031701626457134296
1741545837.6949186,0.6388515704153908,-0.0030829895186755326
1741545837.7280645,0.705496799957472,-0.0027813975702616987
1741545837.750678,0.7505674260211221,-0.002472660347784458
1741545837.7731705,0.8190185089424505,-0.002135209597466193
1741545837.8061714,0.8883606148508431,-0.0019684225204490337
1741545837.828915,0.9350228011675841,-0.0018398119821681031
1741545837.849041,1.0055882305041939,-0.0018792232059761872
1741545837.872111,1.052971960305984,-0.002021782882812649
1741545837.9036005,1.1244960420976404,-0.002108526135645125
1741545837.9263487,1.1724450854486228,-0.00231561861704025
1741545837.9627147,1.2688955736297358,-0.002920020133939765
1741545837.9892652,1.3173645743212794,-0.0030604570315707594
1741545838.0157194,1.3903306726665052,-0.003061657302934355
1741545838.0496914,1.4635728876700405,-0.0028082050862336893
1741545838.069676,1.5125359266374834,-0.0026566594190750334
1741545838.088668,1.561595208951876,-0.002502457813036105
1741545838.114241,1.6353441364838146,-0.0020313008511640435
1741545838.1341553,1.65996557556553,-0.001807381317798087
1741545838.1526268,1.7339354773547193,-0.0012997459244378016
1741545838.1811674,1.8080466893228555,-0.0010948692083050085
1741545838.2101536,1.8575225383048206,-0.0010909433791742302
1741545838.234992,1.931826046905351,-0.0010015168981442782
1741545838.2604804,1.9814152088072392,-0.0010318272676913746
1741545838.2827945,2.0558687973311267,-0.001313417717812479
1741545838.3057666,2.105545711309714,-0.0016379253646341449
1741545838.3339825,2.1801146606714084,-0.0023263875558896434
1741545838.3721995,2.2796248621800665,-0.003619122154162339
1741545838.391562,2.3045168471918216,-0.0039040305546882204
1741545838.412629,2.354316643581705,-0.004388052160311312
1741545838.4364126,2.4290519496074934,-0.004908455940244904
1741545838.4616556,2.5038243370048487,-0.005173729974515715
1741545838.4877381,2.5536903193900238,-0.005219557804568935
1741545838.5059617,2.6035687187940186,-0.005155114727821693
1741545838.5266674,2.6534581321623274,-0.0049790673576080545
1741545838.5528011,2.728310133776551,-0.004510393904411716
1741545838.582589,2.8031798871022695,-0.0037727745752000963
1741545838.6050768,2.85310122356283,-0.0031429484461449313
1741545838.639652,2.927997156520812,-0.0022960196276881725
1741545838.6612613,3.002909380115773,-0.0017462537607343196
1741545838.6831486,3.0528582352039235,-0.0015105669199618028
1741545838.7050273,3.1028121754951288,-0.0013821370108263798
1741545838.724257,3.152770535294801,-0.0013625367177350952
1741545838.7432659,3.202732679119165,-0.0014534720069336914
1741545838.7621143,3.252697998281044,-0.0016563254483921265
1741545838.7841072,3.3026659105166334,-0.0019721030936091315
1741545838.800923,3.3526358596319525,-0.0024014999368210705
1741545838.8206797,3.4026086883234226,-0.0027972177214774943
1741545838.8405974,3.452584813807508,-0.003053353418618509
1741545838.8565452,3.477573759034693,-0.0031704000350617043
1741545838.8769064,3.527552539517342,-0.0035126493021396168
1741545838.8972263,3.577533755145055,-0.0037569406633522775
1741545838.915795,3.627516020765752,-0.004108263215788287
1741545838.936664,3.6775005540121475,-0.0043308046881364425
1741545838.9596624,3.752480210887822,-0.004577294009346801
1741545838.9763207,3.777473923080473,-0.004695165732716241
1741545838.9966245,3.8274625547344363,-0.004833461716107147
1741545839.0216484,3.9024470276475727,-0.005141923289049358
1741545839.0401309,3.952438225491276,-0.005188614639195286
1741545839.059907,3.9774341511044193,-0.005199594395167942
1741545839.081198,4.0524228979387065,-0.00533562512584083
1741545839.0992026,4.07741954518123,-0.005324892829570715
1741545839.117531,4.127413188775809,-0.005211547865350179
1741545839.13599,4.1774074088567055,-0.005097978788941617
1741545839.1538205,4.227401730134966,-0.00486421982515779
1741545839.1745496,4.277396006943498,-0.00453755347892259
1741545839.1946235,4.327391334020366,-0.00432581685163568
1741545839.2144432,4.377386506778966,-0.0040105057232969425
1741545839.230924,4.402384511581473,-0.0039070314311450425
1741545839.2466693,4.452381027645741,-0.003782907236165019
1741545839.2637105,4.502378006208504,-0.0037738410202370104
1741545839.2814944,4.552375162579846,-0.0038746801388342116
1741545839.2972562,4.577373752577294,-0.003959407938729615
1741545839.316654,4.62737068909491,-0.004225076120312129
1741545839.3387797,4.677367314260244,-0.0045763839849403565
1741545839.3601956,4.752363977940371,-0.004835805141046156
1741545839.3799021,4.777363094840176,-0.004870764810896037
1741545839.3982444,4.827361489254593,-0.004845325000021901
1741545839.4227777,4.902358927569308,-0.004598354900302381
1741545839.438551,4.927358075707524,-0.0044963423165745985
1741545839.4559588,4.977356649476013,-0.0045724834912740375
1741545839.4788299,5.027354759392638,-0.004855337702922712
1741545839.49853,5.077353574723544,-0.004995895956883254
1741545839.5185528,5.127352005354324,-0.005255031772844557
1741545839.5356133,5.177349735969199,-0.0056365748382944305
1741545839.5569253,5.227344701909361,-0.006280347937979195
1741545839.5734882,5.252340677348402,-0.006709490557903283
1741545839.5899951,5.302334304526693,-0.0074640449482983005
1741545839.6085663,5.37732847053105,-0.008325301008449382
1741545839.629011,5.402327241720939,-0.008545802607172654
1741545839.6492124,5.452325345937208,-0.008920352745804773
1741545839.669515,5.50232417680882,-0.009188628324697452
1741545839.688026,5.5523235091674525,-0.0093490614162684
1741545839.7117758,5.627322935402006,-0.009415754210294164
1741545839.7289312,5.652322674446828,-0.009486703901746229
1741545839.7495756,5.702322284154688,-0.009567305528115067
1741545839.7648952,5.75232190622832,-0.009657011984138935
1741545839.7812676,5.802321555308292,-0.00970679117902156
1741545839.7968543,5.827321078486899,-0.009575018393888008
1741545839.8136535,5.877319610158611,-0.009221376109126992
1741545839.828242,5.902319359649952,-0.009140302102511518
1741545839.845129,5.952317815457328,-0.009448927707590512
1741545839.8611543,5.9773151944376925,-0.009804430036344246
1741545839.8797662,6.052305499072864,-0.01099523927300975
1741545839.893256,6.052305499072864,-0.01099523927300975
1741545839.9111798,6.1022998805247735,-0.011732908173654778
1741545839.9359634,6.177296044004087,-0.012435101426496465
1741545839.9511054,6.202295839833902,-0.012521424544506936
1741545839.9654257,6.252295543896334,-0.01265566782926549
1741545839.9821584,6.30229541512463,-0.012698182094279954
1741545840.0012984,6.352295271857887,-0.012635791656705076
1741545840.017928,6.377295144446034,-0.012570079324379375
1741545840.0362408,6.427294539607903,-0.012340795366077597
1741545840.04878,6.452293965868124,-0.012176832764043686
1741545840.0617661,6.502293300755604,-0.011950217037223019
1741545840.0770066,6.527293215386024,-0.011993985454285476
1741545840.0913203,6.577292847057779,-0.01216802291727389
1741545840.1113029,6.602292812616891,-0.012182771648888575
1741545840.1253788,6.6522926896210395,-0.01211379006032988
1741545840.1396265,6.702292589483959,-0.012068778660890463
1741545840.1553483,6.727292553433963,-0.012094652342294156
1741545840.1733305,6.7772914209811495,-0.012400143662083161
1741545840.1902146,6.802290039513799,-0.012661191530584644
1741545840.2053633,6.852288214774864,-0.013078917036751302
1741545840.2183108,6.877287724682124,-0.013232561288506783
1741545840.2360864,6.927287293113109,-0.013431424889166479
1741545840.259118,6.977287186115177,-0.013517833745871387
1741545840.2731738,7.02728715173499,-0.013496728163977144
1741545840.288155,7.052287071931166,-0.01343909336235622
1741545840.3042169,7.102286693576133,-0.013255683059702433
1741545840.3191822,7.127286363038215,-0.013129470783424855
1741545840.3401797,7.177285117292179,-0.012780066143013977
1741545840.3549836,7.227283191576009,-0.01234401120827989
1741545840.3703635,7.252282681031193,-0.012186069419821116
1741545840.3844695,7.302282179399505,-0.011981716422869956
1741545840.396199,7.327282117449943,-0.012025737672964077
1741545840.4108028,7.352281929437446,-0.012120719653367423
1741545840.4236205,7.402281800280999,-0.012203277561125575
1741545840.4350758,7.42728178911108,-0.012213755682861866
1741545840.4526176,7.477281642005189,-0.012327296278077366
1741545840.4716704,7.527281618927688,-0.012309897730273694
1741545840.4880128,7.552281533864692,-0.012247568214257874
1741545840.500583,7.577281407487152,-0.012170243707894017
1741545840.5147781,7.627280764201518,-0.011919602442221972
1741545840.5268893,7.652280160115023,-0.01174673081399343
1741545840.5435376,7.702278415958824,-0.011332586745469884
1741545840.5563219,7.727277242693241,-0.011090993379195497
1741545840.5699446,7.777273864019983,-0.010510912915152397
1741545840.5867014,7.80179608128061,-0.010176911482390682
1741545840.6019278,7.849978022214725,-0.009455952080040344
1741545840.617744,7.874132527034074,-0.009057235997555837
1741545840.6331248,7.921097153509233,-0.008210857832013068
1741545840.649022,7.944446065202925,-0.007847533208043106
1741545840.6620612,7.989859984909137,-0.007233081059491413
1741545840.6751726,8.01247889299968,-0.006963260103550283
1741545840.6879523,8.03521134427164,-0.006728684589503211
1741545840.699772,8.080994938491637,-0.006313396508849198
1741545840.710918,8.080994938491637,-0.006313396508849198
1741545840.722188,8.126649798964078,-0.006027099131853328
1741545840.734627,8.148856330140703,-0.006038261952084045
1741545840.7478297,8.171195553870557,-0.006117684181936125
1741545840.7610586,8.216246218870804,-0.006495402699717262
1741545840.771807,8.238946463924101,-0.0066983658584317055
1741545840.7837746,8.261755774514373,-0.006927626806266017
1741545840.7990897,8.284669158697897,-0.007161204579593641
1741545840.8120053,8.330788185022177,-0.007677234774119755
1741545840.8252687,8.353985522599652,-0.00786970758602889
1741545840.8371236,8.376751472740276,-0.008030394354545068
1741545840.84761,8.39910665465071,-0.008134907442185311
1741545840.858932,8.421587653202254,-0.00822425163760121
1741545840.8754158,8.466372381310988,-0.008312354969170958
1741545840.8880606,8.51009843480226,-0.008314533344601287
1741545840.9001913,8.532183304991026,-0.008375622776256635
1741545840.9108548,8.532183304991026,-0.008375622776256635
1741545840.9257514,8.576762372802584,-0.008447316423075444
1741545840.9365041,8.599243699658762,-0.008441594896030536
1741545840.9475935,8.62184474149045,-0.008394847940414153
1741545840.9623475,8.667383406033414,-0.008235000812427406
1741545840.975004,8.690310415650297,-0.008123492584425452
1741545840.9862905,8.71333577012681,-0.007974220412781938
1741545841.000568,8.75966318522948,-0.007614424407033599
1741545841.013828,8.75966318522948,-0.007614424407033599
1741545841.0252047,8.806330568904855,-0.007155541115934551
1741545841.0494967,8.853306069244004,-0.006596644243874527
1741545841.0754936,8.924284609424125,-0.0055745509576347494
1741545841.096047,8.971909624166004,-0.004759951440428954
1741545841.1371644,9.067763104722683,-0.0018086316039092583
1741545841.1623158,9.139977516362144,0.0034251565486609218
1741545841.1842892,9.188105189500012,0.00916586670531835
1741545841.208909,9.236046307435647,0.017195906555006156
1741545841.2332788,9.307166191084493,0.03425417928174824
1741545841.2574687,9.35381602393246,0.048943612314282264
1741545841.2859504,9.422273292607512,0.07579816554022194
1741545841.3134549,9.48846024331391,0.10828972427558776
1741545841.3375533,9.531066056475776,0.13301067590873564
1741545841.3579073,9.572285644965842,0.16010407950837136
1741545841.3939106,9.649998578756387,0.22110390836222232
1741545841.4252794,9.703613168629182,0.2724681863761334
1741545841.4680023,9.768085205830367,0.3477630041889571
1741545841.4977198,9.810686853277597,0.40883027850761816
1741545841.5257306,9.836152073275528,0.45149605358376327
1741545841.5461247,9.86972138815489,0.5180835896981378
1741545841.57389,9.89752222150585,0.5873378220107346
1741545841.5943737,9.91272884904562,0.6347448149846545
1741545841.6146853,9.92510636475798,0.682494537256202
1741545841.6353557,9.934191117437324,0.7281234294591753
1741545841.6674871,9.9430517930055,0.7972324296912352
1741545841.6883953,9.945730883668647,0.8419600280405181
1741545841.7076392,9.945940547152787,0.8835451324198103
1741545841.7303054,9.943857841789907,0.9247541477680221
1741545841.7545927,9.937758258070838,0.9825343817260744
1741545841.8056798,9.922242568038437,1.0822745586549098
1741545841.8261423,9.915528474365205,1.1236358751975677
1741545841.8453214,9.90906461047023,1.1657975590065712
1741545841.8655288,9.902830488608332,1.2086831773396163
1741545841.885511,9.89658790875702,1.2521927038510638
1741545841.9034803,9.890327970846792,1.2962666100435052
1741545841.926835,9.884017064730456,1.3408475062775145
1741545841.9493656,9.877669614626162,1.3858896494192638
1741545841.971463,9.87140462037149,1.4313663025811234
1741545841.9957452,9.862094521617832,1.5003011750058521
1741545842.0163975,9.855738795385273,1.5466587359332458
1741545842.0333152,9.849461989325398,1.593327644655796
1741545842.0555074,9.843266615919633,1.6402800341042243
1741545842.0789783,9.837288888833356,1.6875076005830816
1741545842.095186,9.831463302732688,1.7349783869280422
1741545842.1213827,9.822360562213083,1.8065142249315769
1741545842.1395192,9.819258066849601,1.8304415384201362
1741545842.1554677,9.812940848962544,1.8784050110239519
1741545842.1759226,9.806523114489465,1.9265070866816911
1741545842.1928816,9.800206586655975,1.974760355649558
1741545842.225232,9.790466192763184,2.0473357698742984
1741545842.2476268,9.783813139037807,2.0958351204486383
1741545842.26564,9.777183441913843,2.1444357027402225
1741545842.285507,9.77070902602543,2.193146088577892
1741545842.3088462,9.764564966348555,2.2419798517587375
1741545842.3281121,9.755470097513205,2.3153805745819436
1741545842.357195,9.74909184278138,2.364354379307342
1741545842.371704,9.742103666045406,2.4133024098837987
1741545842.391669,9.73496147025158,2.46228048083176
1741545842.41043,9.73146969439794,2.4867989596854154
1741545842.4343677,9.720732648782768,2.5603816454890804
1741545842.450245,9.71697180653689,2.584902227114766
1741545842.4701126,9.709198802339285,2.6339315633866214
1741545842.489128,9.701605429393629,2.682537441018919
1741545842.5075405,9.694923644032782,2.728449403504356
1741545842.5250206,9.688757038369683,2.774288251100225
1741545842.5402832,9.683473311454264,2.8205868941383923
1741545842.5599985,9.678964996785147,2.8672853592287737
1741545842.5769675,9.676829926810596,2.8907554538847364
1741545842.5973444,9.672670354734242,2.9379074727342007
1741545842.614596,9.668594449749945,2.985315171468272
1741545842.6331363,9.66470551187148,3.0329635427524138
1741545842.653973,9.66137509125804,3.0808582641973348
1741545842.6713269,9.65994345168205,3.104891264648174
1741545842.68954,9.657657442951313,3.1531178937736324
1741545842.71416,9.654861255735614,3.2257801387137275
1741545842.7308843,9.654052748525789,3.250076636771506
1741545842.7455568,9.652821404571375,3.298777522613151
1741545842.7608511,9.651983780280897,3.3476062405801077
1741545842.7775369,9.651572600178067,3.372061919463299
1741545842.7941668,9.650815690391335,3.4210502733625137
1741545842.8102853,9.650479272524498,3.4455806449495614
1741545842.8283398,9.649727696044842,3.4947058256863643
1741545842.8446069,9.64883712419422,3.543909390341512
1741545842.8640718,9.647981319922227,3.5931867563286106
1741545842.888021,9.647272679818581,3.642532873038923
1741545842.9039896,9.646625031952505,3.6919400887237037
1741545842.9249954,9.646064888884723,3.7414030113810184
1741545842.940094,9.645366717820439,3.790913746477455
1741545842.9568436,9.644962833728894,3.815685417767981
1741545842.9752672,9.644230076594008,3.8652614891255848
1741545842.9948506,9.643493449483094,3.914876363527034
1741545843.023411,9.642454366163705,3.9893646606253412
1741545843.0450993,9.641926997078661,4.039064301229337
1741545843.05966,9.64171250821738,4.0639251218406525
1741545843.0747406,9.641352607099655,4.11366670387245
1741545843.0919771,9.641207019075255,4.138546822535132
1741545843.1073303,9.641011814866868,4.1883242966557015
1741545843.123851,9.640927430496616,4.238122704684643
1741545843.1371787,9.640933831685519,4.263029072670198
1741545843.1544073,9.641017405149519,4.312854867241474
1741545843.1731205,9.641213842416452,4.362696508995754
1741545843.1895301,9.64134781234999,4.387622759258659
1741545843.2043371,9.64171444796608,4.437484932196585
1741545843.2266738,9.642194966389393,4.487358808023371
1741545843.245602,9.642789598147857,4.537242948158156
1741545843.2669666,9.643498514726993,4.587136022562573
1741545843.2815142,9.644321846056446,4.6370367998265944
1741545843.2997897,9.645259692474053,4.686944138103832
1741545843.3196042,9.645778324110006,4.71189979105974
1741545843.3406365,9.647479229977296,4.786774329298912
1741545843.361044,9.648761034529302,4.836695275645578
1741545843.3776536,9.649451705424926,4.861656637248332
1741545843.3919969,9.650905645353777,4.911581365650118
1741545843.4061928,9.651668921958342,4.936544568918687
1741545843.4241626,9.653269393960832,4.986472187105801
1741545843.438231,9.65401026861189,5.011439481991306
1741545843.4554396,9.655407183093333,5.061379549411684
1741545843.468247,9.656069090328632,5.086352017298214
1741545843.4829438,9.657298408056704,5.13630200071959
1741545843.4968061,9.657866307431172,5.161279334525606
1741545843.5130215,9.658935100447964,5.211237740243946
1741545843.526673,9.659435568829984,5.2362187204760495
1741545843.5412776,9.659895130775178,5.261201152604458
1741545843.5557194,9.660744661793748,5.311169104314645
1741545843.5714831,9.661134280678015,5.336154539048444
1741545843.5885212,9.661667785856043,5.386130100728691
1741545843.603211,9.661981765321546,5.436109668195398
1741545843.6197355,9.662207088133483,5.486091516532716
1741545843.6328287,9.662247461395161,5.511083270845711
1741545843.6493826,9.662151110636442,5.5360752318982795
1741545843.6633508,9.66149807658199,5.586056273738594
1741545843.6879022,9.660664320103637,5.636036149480828
1741545843.6999216,9.660217056892643,5.661026027390777
1741545843.7128408,9.659408403479063,5.7110080691399885
1741545843.725721,9.659052334991713,5.736000243894803
1741545843.740373,9.65858672334728,5.78598809051246
1741545843.755569,9.658458055204624,5.810983190602879
1741545843.768233,9.658262244694761,5.860974260689647
1741545843.7840593,9.658299183268722,5.885970271716959
1741545843.799079,9.658410018477591,5.9109662537213215
1741545843.8127375,9.658898807860783,5.960956798437769
1741545843.8300297,9.659300854848677,5.985950274968231
1741545843.8437214,9.660544521481562,6.035928600471
1741545843.8568754,9.661254148135246,6.060915718995418
1741545843.8703759,9.66193349465255,6.085903806712067
1741545843.888373,9.66316436334477,6.135883672744801
1741545843.9031816,9.664487622451203,6.184457072152572
1741545843.9195993,9.666080698006983,6.232699864193936
1741545843.9340837,9.666990579440862,6.256878600422734
1741545843.9483058,9.667908222156294,6.281095307313221
1741545843.9693348,9.669807185686073,6.329633869906681
1741545843.9839935,9.671394818054276,6.3783156436661255
1741545843.9990559,9.671944976228556,6.4027090684756125
1741545844.0098703,9.672386563986322,6.427133283794816
1741545844.022675,9.673212459615957,6.4760630160748285
1741545844.0336819,9.673602152519198,6.500565880339763
1741545844.0452359,9.673985920799646,6.525092331710011
1741545844.0574133,9.674333707281711,6.5496416962640716
1741545844.0688164,9.674670162867713,6.574212530971257
1741545844.0799675,9.67525101598075,6.623415303105842
1741545844.0917652,9.6754941508113,6.648045282973212
1741545844.1041572,9.675755301660022,6.672208526580198
1741545844.116609,9.67607745236846,6.695926665145835
1741545844.1291132,9.676417655817424,6.719705407143475
1741545844.1422613,9.677194899896646,6.767432537276522
1741545844.1597397,9.678077167116074,6.815368300538572
1741545844.1713436,9.678077167116074,6.815368300538572
1741545844.1846204,9.679020493879479,6.861499463782212
1741545844.1954193,9.679543561610105,6.883681173975116
1741545844.2059507,9.680198778304598,6.905993118759955
1741545844.223948,9.681948826465307,6.95097816426596
1741545844.235553,9.682909319669843,6.973643624266458
1741545844.2472672,9.683862257153768,6.996419538919192
1741545844.26086,9.685824820096578,7.0422786859291495
1741545844.27147,9.686842722449027,7.0653517940248305
1741545844.2848666,9.687870995515357,7.088515088023662
1741545844.2953885,9.688936956437157,7.11176301966614
1741545844.3063526,9.68999079578076,7.135093734323359
1741545844.320412,9.69196964296222,7.181992016178005
1741545844.3489113,9.693827888205751,7.229179543079617
1741545844.3740647,9.696417652634928,7.300444269633013
1741545844.407082,9.698803051916608,7.3722179106386765
1741545844.431838,9.700486435164965,7.444443643680311
1741545844.4567578,9.700454562936448,7.492818030529272
1741545844.4814715,9.697558881970181,7.565593250131123
1741545844.5119522,9.689957107162243,7.6383155457877585
1741545844.5349348,9.6815969939361,7.686488591034459
1741545844.5581903,9.670520769454042,7.734215824725281
1741545844.5865867,9.648970812213859,7.80464585370675
1741545844.618728,9.62158994912555,7.873214266819349
1741545844.6499298,9.588538753353278,7.939410448797934
1741545844.669267,9.56343237915707,7.981966279497434
1741545844.691841,9.53594919207572,8.023092409142485
1741545844.7155943,9.490436226875119,8.08178829124855
1741545844.7405622,9.443092741049911,8.13341457453102
1741545844.7730508,9.39438755350026,8.178560861131817
1741545844.7978165,9.359539425800163,8.206932629775848
1741545844.8239753,9.307534468095735,8.24333536337469
1741545844.8579636,9.255536938402336,8.273877119293168
1741545844.8928227,9.180319833281466,8.310000512661537
1741545844.919466,9.140361545838017,8.325521317035664
1741545844.9489768,9.077961416936157,8.345479882446655
1741545844.9751167,9.013034077204495,8.361194440890667
1741545845.0011582,8.94604651342321,8.372374780691983
1741545845.024838,8.900471301938355,8.377145611796369
1741545845.0485892,8.854330265231775,8.379701653601316
1741545845.0715423,8.784366700075479,8.380106575120955
1741545845.100019,8.713758399535681,8.377595513071435
1741545845.1280508,8.666396553660633,8.374924982024721
1741545845.1542244,8.594948470006262,8.370339846592403
1741545845.181032,8.52306718548882,8.365298060194803
1741545845.2035208,8.474933554246837,8.361746781757219
1741545845.227698,8.426627259508784,8.358349744220334
1741545845.2547462,8.353914519356518,8.353015756992464
1741545845.2795012,8.305279121417499,8.349450053985509
1741545845.300922,8.256530034919315,8.345868163753591
1741545845.3268518,8.183231414565928,8.340263437818551
1741545845.3510673,8.134245350225957,8.336604222615309
1741545845.3745644,8.060623794789299,8.331005595055466
1741545845.3933501,8.011441997676247,8.32742144906915
1741545845.415714,7.962198865984033,8.323800794471975
1741545845.442489,7.888246545900828,8.318109415575632
1741545845.4657078,7.838891132232731,8.314187770724754
1741545845.4888597,7.789481232815681,8.310380448466992
1741545845.5097306,7.7400380844528165,8.306469867866978
1741545845.5316508,7.665785519878183,8.300845806389898
1741545845.5525777,7.616232252876706,8.297236425803472
1741545845.5813808,7.541834263289119,8.292016893450793
1741545845.6102018,7.492193818736433,8.288675841004594
1741545845.6306906,7.44252317603736,8.285443484337208
1741545845.6625004,7.343068943484433,8.279857139428342
1741545845.684087,7.293295125703925,8.277438291786446
1741545845.703405,7.243501908972413,8.275099791712185
1741545845.7268229,7.193689718696565,8.272867161973648
1741545845.7531219,7.118944547225654,8.269592665599612
1741545845.7733626,7.0691009789236405,8.267395771307033
1741545845.7929125,7.019241324137186,8.26534053082045
1741545845.8163197,6.969367668394396,8.263407695927153
1741545845.841487,6.8945341363484,8.260717688718774
1741545845.8604834,6.844630986196306,8.259070543716664
1741545845.8807547,6.794717755608696,8.25753666138575
1741545845.8989174,6.769757436479153,8.256819023113653
1741545845.9249232,6.694872434696086,8.254530098803444
1741545845.9465647,6.644940095046438,8.253100236865178
1741545845.969598,6.594999874205784,8.251798208758816
1741545845.9972336,6.52008028681054,8.24992215291877
1741545846.0197577,6.445159918192402,8.247785377019609
1741545846.0413477,6.395206019546765,8.246478084633177
1741545846.064167,6.3452468173760534,8.245274563703878
1741545846.087915,6.295288716864787,8.243932104397498
1741545846.1083517,6.245331948523762,8.242463434849391
1741545846.1475482,6.1454135757460495,8.239495707200033
1741545846.1780484,6.0704545660942,8.237898664833853
1741545846.1943598,6.020476267932282,8.237019806745787
1741545846.2388906,5.920511150731396,8.23556184391319
1741545846.2581112,5.870524758074079,8.234999475278519
1741545846.2787066,5.820536242151804,8.234551504887799
1741545846.297829,5.7705459504680485,8.234218532018339
1741545846.319892,5.695558040070072,8.23390257047543
1741545846.336595,5.6705619509740055,8.233750293794104
1741545846.3616056,5.595572147151549,8.233409828669062
1741545846.45327,5.395595076624486,8.232266568203434
1741545846.4715738,5.320600606556341,8.232276041919178
1741545846.4907272,5.270604063377793,8.232416374313424
1741545846.5150576,5.220607655823917,8.232667922923044
1741545846.5332794,5.17061190330275,8.233057345656148
1741545846.5509899,5.145615464459336,8.23339691239679
1741545846.570623,5.0956239742322795,8.234184493459898
1741545846.5906146,5.045633308021466,8.235035110554403
1741545846.614129,4.995640539388026,8.23576500542291
1741545846.6454475,4.895664375302368,8.237764591750427
1741545846.6609967,4.845684396048823,8.239128329568208
1741545846.676831,4.820696219464162,8.23987485714397
1741545846.692662,4.770729446945137,8.24166106110621
1741545846.7124393,4.720775125866541,8.243770852603125
1741545846.7282548,4.695798978775073,8.24485075613817
1741545846.7492023,4.645850241976614,8.247092900239144
1741545846.7649093,4.5959052580192665,8.24941901544045
1741545846.8979802,4.271130020469085,8.261348707957936
1741545846.9160388,4.221152320535098,8.262826991252664
1741545846.934711,4.171171393781935,8.264193239331508
1741545846.981526,4.046207217180589,8.267145997685184
1741545846.9999585,3.9962224525288987,8.268368853372133
1741545847.0178034,3.971228233163405,8.26889955640073
1741545847.0369148,3.921234465649479,8.269670731273683
1741545847.2009149,3.4962779515422557,8.275306679218495
1741545847.216595,3.4712781567248165,8.275394580196933
1741545847.234441,3.4212783771906374,8.275498651334091
1741545847.2549345,3.371278482279004,8.27548869437833
1741545847.2717457,3.321278599240844,8.27551216649912
1741545847.2886274,3.2712789564500975,8.275675069933278
1741545847.304571,3.2462791628721415,8.27576749671161
1741545847.3240926,3.1962794968748867,8.275670606768143
1741545847.3413644,3.14628050989352,8.275362447918317
1741545847.3567028,3.1212806263546735,8.275303683272675
1741545847.3724813,3.0712810470771217,8.275483333126274
1741545847.3928037,3.0212819043949253,8.275765950275133
1741545847.4069176,2.996282343686741,8.27591002329804
1741545847.422241,2.9462826984680555,8.276086215295361
1741545847.4400141,2.896284920012425,8.2765350511546
1741545847.4552596,2.8712872107516465,8.2768722318132
1741545847.469833,2.8462895782165405,8.27721505257344
1741545847.4864137,2.796298183251892,8.278133042964445
1741545847.5004833,2.746310429168227,8.279237942065281
1741545847.5156965,2.7213150712792396,8.279718836597329
1741545847.530644,2.6963192629482853,8.280175854522057
1741545847.5453086,2.6463262506221747,8.281009994106245
1741545847.5590594,2.621331361716936,8.28151392449873
1741545847.5748882,2.5963391612277285,8.282137226215681
1741545847.5903397,2.5463571653426036,8.283477870326234
1741545847.605778,2.4963717169379054,8.284683080346769
1741545847.6209614,2.471380297000726,8.285337585518835
1741545847.6372786,2.446388731816016,8.285986529436062
1741545847.6541848,2.3714083012349882,8.287696659518447
1741545847.6690693,2.34641426808226,8.288242362096646
1741545847.6870403,2.296428663589003,8.289441291860093
1741545847.70318,2.2464407771466717,8.290541016713036
1741545847.7188308,2.221448118296304,8.291146468308991
1741545847.737339,2.1714649498819023,8.292442398913842
1741545847.7521935,2.1214810117890304,8.29370781367759
1741545847.7699015,2.0714936542828952,8.29483063447132
1741545847.785052,2.0464991351515427,8.295353804020975
1741545847.7997155,1.996508647212818,8.296328277839079
1741545847.818337,1.9715152650709151,8.296902392231303
1741545847.8337972,1.921536053447754,8.298342102523847
1741545847.8518791,1.8715598327098124,8.299883237990043
1741545847.8692684,1.8465726207903865,8.300682606379256
1741545847.8866205,1.7966012303628116,8.30237345338674
1741545847.9022071,1.7466393629508568,8.304321680807071
1741545847.9145877,1.7216633205456948,8.305415757938496
1741545847.9280937,1.6717138896925248,8.307663619641549
1741545847.9418573,1.6467361555437734,8.30871835270542
1741545847.9571123,1.6217585281532685,8.309775635952954
1741545847.9728692,1.5718075316760436,8.311988511634949
1741545847.9880347,1.5468297338972423,8.313041767389743
1741545848.0063484,1.4968770688008506,8.315215985865516
1741545848.0217042,1.4719028752091556,8.316351515350263
1741545848.0373318,1.4219582857015047,8.318704571483666
1741545848.0552635,1.3720085731516474,8.320946248826138
1741545848.0695772,1.3470362300795928,8.32212175743939
1741545848.08754,1.2970969800581387,8.324584255123405
1741545848.1006806,1.247176052658077,8.32739426815063
1741545848.1155953,1.2222173047958653,8.328829794362559
1741545848.130802,1.1972606337305758,8.330300985018832
1741545848.1445334,1.1473510566670084,8.333306276623148
1741545848.162281,1.0974377805896824,8.336248322011615
1741545848.1755798,1.0724723530308076,8.33756227213559
1741545848.1931198,1.022537020766623,8.340104163325606
1741545848.2057657,0.9975731477484862,8.341447569380753
1741545848.2212615,0.947652327295672,8.34425895176769
1741545848.237212,0.9227007959800146,8.345814642077597
1741545848.2501278,0.8977525788422566,8.347422853991281
1741545848.263674,0.8478589835628769,8.350682807165885
1741545848.2752326,0.8229140591718755,8.352341294934684
1741545848.2892237,0.7979717923164985,8.354039280463738
1741545848.3028047,0.7480919823547642,8.357503693576884
1741545848.3162825,0.7231527427674079,8.359245552651302
1741545848.3293648,0.6982097678993076,8.36093308271286
1741545848.3434455,0.6483165171875923,8.364197498837129
1741545848.3599484,0.5984020509001994,8.367120089156625
1741545848.372699,0.5984020509001994,8.367120089156625
1741545848.3855293,0.5484823399810216,8.369952175890887
1741545848.3999746,0.5235209460720212,8.371340936783387
1741545848.4140651,0.47359456140129214,8.374052968581761
1741545848.4271567,0.4486362777558583,8.375496215706784
1741545848.439333,0.4236867152952651,8.377082654515167
1741545848.451925,0.37381926135610793,8.380718482411975
1741545848.4634068,0.3488921704022698,8.38262637841345
1741545848.476127,0.3239646230386083,8.38452828409412
1741545848.4874094,0.2990393641976032,8.386459954516068
1741545848.499797,0.27411277293672365,8.388374312587647
1741545848.5126877,0.22425113376169234,8.392091294012062
1741545848.5279496,0.1997989200480177,8.393972761070396
1741545848.5404425,0.1517471967750078,8.397584701565307
1741545848.5527005,0.12764662922524536,8.399246361520117
1741545848.5651095,0.10350263862405507,8.40085987831678
1741545848.5777373,0.07932042839801803,8.402473500742824
1741545848.5903177,0.05509819718469308,8.404031753292296
1741545848.6064138,0.006534730824854902,8.406876474196562
1741545848.6193376,-0.017803458850373318,8.40814493716823
1741545848.632395,-0.06658836051574422,8.410257921828709
1741545848.643714,-0.09102563078260231,8.411233986030247
1741545848.6567402,-0.11500012362332321,8.41221315246926
1741545848.671885,-0.16010748216683404,8.413810999223228
1741545848.6866918,-0.18124296662075734,8.414312520952777
1741545848.6990361,-0.20200833983306257,8.414701377988393
1741545848.7124524,-0.2441363346673469,8.41527694570309
1741545848.7277088,-0.26547959410269123,8.415490788163373
1741545848.7416694,-0.3086777342483795,8.416054081021084
1741545848.752595,-0.33051633675949404,8.416403968201312
1741545848.7675803,-0.35195543109041516,8.41680384931355
1741545848.779473,-0.37301461667209523,8.417215435215434
1741545848.79331,-0.4156835596304737,8.41814624679723
1741545848.8062508,-0.43727531507216433,8.418685791666608
1741545848.8179274,-0.4590259974436727,8.419330602736625
1741545848.8295481,-0.4803791357247158,8.420000748399472
1741545848.8422427,-0.5202388918762966,8.421277709064396
1741545848.8556776,-0.5393640391619507,8.422050575202988
1741545848.8717067,-0.5784100928891668,8.424170056456068
1741545848.8839545,-0.5983043540033463,8.425482167294263
1741545848.895955,-0.6184348792042514,8.426868765446002
1741545848.906556,-0.6387928767885773,8.428289282979783
1741545848.917661,-0.6593652227188107,8.429774239959988
1741545848.9298823,-0.6801428376379249,8.43130407086332
1741545848.9429283,-0.7222696889640463,8.434561193297494
1741545848.9552321,-0.7435997801138393,8.436293819397566
1741545848.9668863,-0.7650990246140481,8.438058108124
1741545848.9780605,-0.7867624663101256,8.43981464827798
1741545848.9919841,-0.8305448263299368,8.443382724747046
1741545849.0036821,-0.8521061342051562,8.44515888301271
1741545849.0150795,-0.8732849509317944,8.446898804556149
1741545849.026125,-0.8946370234984427,8.448706515464254
1741545849.0369153,-0.916150086769478,8.450623296634292
1741545849.0485275,-0.9596451741554237,8.45457416838283
1741545849.0610697,-0.9816135629104553,8.456591757511065
1741545849.0716958,-1.0037231315455293,8.458600084576606
1741545849.0835202,-1.0259707423205064,8.460559234479332
1741545849.0945,-1.0483470644213253,8.46250187386994
1741545849.1058643,-1.0708498054390634,8.464382956420824
1741545849.118384,-1.093476083914711,8.466163659063936
1741545849.1310186,-1.1162173682449519,8.467877706052903
1741545849.1680024,-1.2056960954008749,8.474125682854726
1741545849.2002206,-1.2956654692785115,8.47967131837653
1741545849.232252,-1.3643150426870774,8.48371740337305
1741545849.2662404,-1.4338225056101912,8.487603159571753
1741545849.3013825,-1.5040716929182094,8.491331866779383
1741545849.3375435,-1.5987225220379873,8.496005467868724
1741545849.3683674,-1.6703403104751484,8.499272617424742
1741545849.3963673,-1.7424158531571534,8.502369500066564
1741545849.4258235,-1.8148675329725914,8.505751101551718
1741545849.4596698,-1.8876157995297664,8.509893048837732
1741545849.4835587,-1.9606282065005456,8.514482883539713
1741545849.524805,-2.0583920209136304,8.520100640944985
1741545849.5479386,-2.107431829599637,8.522630713645434
1741545849.5953743,-2.2303576683759356,8.529347633308259
1741545849.6239736,-2.3043221591556593,8.533260721418273
1741545849.6563663,-2.378425100654204,8.53694931052011
1741545849.6897573,-2.4526329854357956,8.540730658462834
1741545849.7278762,-2.5517354203632205,8.545499551730535
1741545849.7621443,-2.6509636176533236,8.550530472494144
1741545849.7947261,-2.725495842337403,8.553528032278598
1741545849.835513,-2.824992811747788,8.556510989503801
1741545850.003838,-3.2486807298725284,8.56598543872278
1741545850.0349095,-3.323549803519533,8.566799158788625
1741545850.0652277,-3.398438526510617,8.567342025362139
1741545850.0922482,-3.473343386438974,8.56766639030279
1741545850.1237745,-3.5482597354324534,8.568217355619362
1741545850.1506581,-3.5982089924880185,8.56872695811954
1741545850.1815553,-3.6981224232302754,8.56951888574098
1741545850.2074869,-3.748085230183458,8.569869455408215
1741545850.2341616,-3.8230359467016224,8.570341522333338
1741545850.2669218,-3.897994456155735,8.57051676159205
1741545850.2916696,-3.9479701000472343,8.570497282427226
1741545850.32389,-4.047927202706421,8.570124214900277
1741545850.3595834,-4.122898403600331,8.56955594134283
1741545850.3951716,-4.222861929541703,8.568417000831227
1741545850.4197745,-4.272846757520938,8.567943213606785
1741545850.4491243,-4.347828032879631,8.567465281693678
1741545850.482841,-4.4478064080865,8.56679547911584
1741545850.5123796,-4.522793620410325,8.56650722284674
1741545850.5382066,-4.572785623781804,8.566226195508293
1741545850.5846145,-4.697770140764844,8.566007644996418
1741545850.6100838,-4.747764991181405,8.566023695282638
1741545850.63425,-4.822757736329738,8.566271280651623
1741545850.6612191,-4.897750885161975,8.566641438917792
1741545850.6879926,-4.947746864462772,8.566869190668267
1741545850.713831,-5.022741581892638,8.56717726721726
1741545850.7346115,-5.072737916447357,8.567483277579187
1741545850.7631443,-5.147731583641763,8.56812142914511
1741545850.788516,-5.197726496040881,8.568664431239913
1741545850.822569,-5.297716352516925,8.56979024697545
1741545850.8512645,-5.347713405470058,8.570157444101945
1741545850.878015,-5.422710496836855,8.570494015933162
1741545850.9027324,-5.497708555886824,8.570599599603032
1741545850.9284303,-5.547707419163898,8.570527697262978
1741545850.9499707,-5.597706096290988,8.5703439470287
1741545850.971041,-5.672703936359523,8.56999746383698
1741545850.9928322,-5.72270310178165,8.56993202338466
1741545851.014668,-5.7727023603119445,8.569981092660734
1741545851.0367315,-5.822701687948821,8.569990164881393
1741545851.063575,-5.897700399475847,8.56974515768083
1741545851.091028,-5.947699068497008,8.569457483913167
1741545851.1257544,-6.0476979824024,8.569297270529686
1741545851.1479795,-6.097697512271566,8.569393770913546
1741545851.1760585,-6.172696131156725,8.569750689860516
1741545851.200513,-6.2476935416231285,8.570316830356562
1741545851.2262912,-6.297692608453652,8.570575837310527
1741545851.244531,-6.347692116146004,8.570735881392343
1741545851.2740974,-6.422690003718795,8.571248433507629
1741545851.295666,-6.472688598152939,8.571593289696795
1741545851.3184822,-6.522687994539223,8.57179715233552
1741545851.3487377,-6.597687677594028,8.571891927310455
1741545851.3718402,-6.672687425813742,8.571873145071136
1741545851.397792,-6.722687280327212,8.57188248410388
1741545851.422234,-6.797686732353722,8.571652377520596
1741545851.4456065,-6.847685712896721,8.571348209137536
1741545851.468502,-6.897683888460502,8.570931289988026
1741545851.4901433,-6.947681271356787,8.570427579514083
1741545851.5123203,-7.0226795285140735,8.569938688328861
1741545851.5383317,-7.072679118319547,8.569756494974982
1741545851.5568123,-7.12267899098063,8.569682491987015
1741545851.5816665,-7.197678835014528,8.569767366226145
1741545851.6009417,-7.247678488093879,8.569940040668966
1741545851.6231253,-7.297678430807641,8.569969966938185
1741545851.6442652,-7.347678340660022,8.569900548779746
1741545851.6625342,-7.397678243013656,8.569974699431208
1741545851.684539,-7.447677889069442,8.570153029082435
1741545851.7074206,-7.497677812988392,8.570218360029925
1741545851.7255168,-7.547677404183751,8.570412010949019
1741545851.7453992,-7.597676360423617,8.570730536898381
1741545851.766824,-7.647674459135212,8.571163504569725
1741545851.7851548,-7.697671466486885,8.571708270094389
1741545851.8209162,-7.79766119569946,8.573133854612037
1741545851.8451378,-7.8476538368535795,8.573990402009645
1741545851.8703344,-7.897648686126536,8.574706429010757
1741545851.8888283,-7.947645156578859,8.575298926385239
1741545851.9206946,-8.047641383094026,8.576157107307633
1741545851.9422808,-8.097640653260783,8.576424331512808
1741545851.962708,-8.147640390692388,8.576581597806271
1741545851.9860294,-8.197640354977123,8.576627361726082
1741545852.0085785,-8.247640295891218,8.576560453569012
1741545852.0263157,-8.297640042111041,8.576405748573649
1741545852.0527012,-8.347640011959502,8.576365649468453
1741545852.0744019,-8.422639773721304,8.576201089557996
1741545852.094927,-8.472639725697977,8.57624446007815
1741545852.1180584,-8.522639680970558,8.576253933828307
1741545852.1366675,-8.572639466679366,8.576118467172206
1741545852.1593077,-8.622639309488456,8.576011080708343
1741545852.1805665,-8.672639267809801,8.57604571423846
1741545852.1957679,-8.722639008066798,8.576198548221466
1741545852.2118258,-8.747638755223855,8.57631005443737
1741545852.2368217,-8.822636860361099,8.57683677024635
1741545852.256442,-8.872634481711152,8.577321884757206
1741545852.2780118,-8.92263089069038,8.577919006685745
1741545852.2959375,-8.972625823094122,8.578629071695865
1741545852.3148737,-9.02261901230165,8.579452776044928
1741545852.332653,-9.0726127300572,8.580242815130925
1741545852.3521805,-9.12260847157866,8.580893284106482
1741545852.3692286,-9.147606802987827,8.581181811157524
1741545852.3865523,-9.197604467960113,8.581664098759486
1741545852.4101987,-9.272601466623744,8.58232749819691
1741545852.4310749,-9.297600121546449,8.582586374636332
1741545852.4478097,-9.34759854934426,8.582981300998982
1741545852.4671,-9.397597810322377,8.58325130623293
1741545852.4879603,-9.44759756074044,8.583406325301148
1741545852.5033813,-9.497597533440482,8.583448982863466
1741545852.522262,-9.547597475922673,8.583379400915932
1741545852.5465171,-9.597597134119983,8.583197010230338
1741545852.5646174,-9.647596249781834,8.58290117938222
1741545852.581165,-9.697594764829773,8.582517090724133
1741545852.605198,-9.747594156414376,8.582273018747584
1741545852.6322072,-9.82259399477378,8.582139813952187
1741545852.6538866,-9.872593954280209,8.582182024993502
1741545852.6709912,-9.897593891537898,8.582236583634327
1741545852.688346,-9.947592497261898,8.582588311621134
1741545852.7042043,-9.997589267482747,8.583156170833954
1741545852.7192273,-10.022587199591822,8.583477492568337
1741545852.7361188,-10.072582195590414,8.584183263685858
1741545852.7499683,-10.097579575222483,8.584544874408111
1741545852.7709236,-10.14757603801659,8.585138559255583
1741545852.79179,-10.22257309340264,8.585798365692533
1741545852.8088036,-10.247572476199316,8.585973593456272
1741545852.8254843,-10.297571664099497,8.586256804589768
1741545852.8395774,-10.347570017700553,8.586661389659755
1741545852.8578186,-10.372569567348322,8.586810714060485
1741545852.8712072,-10.39756922898071,8.586940110262972
1741545852.8883224,-10.447568981773678,8.587094310609857
1741545852.9020343,-10.497568957411659,8.587133787894073
1741545852.9176629,-10.522568937118889,8.587104675884959
1741545852.936638,-10.5725687476312,8.58697595505758
1741545852.9508808,-10.597568545502885,8.5868762315082
1741545852.964361,-10.647567796808293,8.586604346735298
1741545852.977396,-10.672567676789551,8.58652843532354
1741545852.9918518,-10.72256718306374,8.586314602542663
1741545853.0074651,-10.747566849370136,8.58618628336353
1741545853.0273871,-10.797566656047561,8.586051424112092
1741545853.0456572,-10.847566645217562,8.586037424320947
1741545853.0585752,-10.87256660754587,8.586078889260738
1741545853.0722425,-10.922566356265632,8.586230002177697
1741545853.084634,-10.947566112503894,8.586339686027305
1741545853.0989351,-10.972565655577165,8.586490293886339
1741545853.1188426,-11.022564257794437,8.586861002598175
1741545853.132224,-11.072561906408273,8.587343445566733
1741545853.1470685,-11.097560371681892,8.587620163228706
1741545853.1613948,-11.147556112531461,8.588272095851943
1741545853.178432,-11.172553290932317,8.588647467518577
1741545853.1914809,-11.22254649515064,8.589470328646769
1741545853.2122188,-11.272540222753273,8.590259819418733
1741545853.2242641,-11.297537811536246,8.590606784393408
1741545853.2379856,-11.322535969912138,8.590909935193336
1741545853.25128,-11.347534303239044,8.591198336556465
1741545853.2714062,-11.397531970827766,8.591680443495985
1741545853.2844021,-11.44612671401713,8.592043567681664
1741545853.300788,-11.470242205023686,8.592152281315967
1741545853.313084,-11.518597780017899,8.592100755306054
1741545853.328606,-11.542833705213654,8.59204602269828
1741545853.3446617,-11.591412570148988,8.591857348945773
1741545853.3570297,-11.615752050554567,8.591719178401542
1741545853.370544,-11.640122843265083,8.591568022409179
1741545853.3935509,-11.688952219315683,8.591196813181881
1741545853.406718,-11.737891013342322,8.590967479949363
1741545853.4172099,-11.762398126828241,8.590907402138964
1741545853.429597,-11.786928706186979,8.590862373722853
1741545853.4408145,-11.836055840755577,8.59086674768437
1741545853.4520917,-11.860650236472308,8.590915394385734
1741545853.4634197,-11.885263887077862,8.590977111958484
1741545853.4781637,-11.909895772238054,8.591078775038294
1741545853.4911652,-11.934545092761986,8.591193773277286
1741545853.5059018,-11.98389239627178,8.591518054225762
1741545853.5192916,-12.008588741699093,8.591727695040701
1741545853.5304668,-12.033299361299969,8.59195133702209
1741545853.542412,-12.082760120138417,8.592494791664611
1741545853.554888,-12.10750889257716,8.592814842037741
1741545853.567225,-12.132269322430727,8.593149342551467
1741545853.5777402,-12.157040443825345,8.593525223642484
1741545853.5888755,-12.181822088229447,8.593915705438636
1741545853.6009824,-12.231413964984158,8.5947944355305
1741545853.6185474,-12.256223151364456,8.595282797473333
1741545853.6331792,-12.305869044764517,8.596183601106642
1741545853.644161,-12.33070506913692,8.596586013473313
1741545853.657418,-12.355549408042576,8.596944559676462
1741545853.6683493,-12.380401236390815,8.597288261499854
1741545853.680109,-12.43012657846852,8.597881070111407
1741545853.6959803,-12.454999354009416,8.598130766538768
1741545853.7091124,-12.479878248944392,8.598367237946198
1741545853.7221122,-12.529653687107228,8.598745978049367
1741545853.8110886,-12.728948933448676,8.599157254362263
1741545853.8267968,-12.77881153471828,8.598978966467499
1741545853.847717,-12.853627782794991,8.598491643368936
1741545853.8657227,-12.878571864653734,8.59828119670434
1741545853.889284,-12.928464462578795,8.597587867251754
1741545853.9116302,-12.978348526704496,8.596099172994544
1741545853.9293196,-13.028186695870954,8.593349896808633
1741545853.9621978,-13.127397298716295,8.582306659697991
1741545853.9782891,-13.152003239444834,8.578075760958408
1741545854.0244055,-13.27269842570036,8.54650566052546
1741545854.042993,-13.319538134326116,8.529164651137357
1741545854.0572245,-13.3425717931531,8.519504469901449
1741545854.0767395,-13.387781561075588,8.498259813450211
1741545854.1755466,-13.591810414808391,8.355533375152
1741545854.266047,-13.734222028312939,8.182259468811562
1741545854.3490367,-13.819853619136842,8.002061439153703
1741545854.3857012,-13.846613546042034,7.905784752727125
1741545854.4049113,-13.855800131708687,7.856651014327496
1741545854.4230897,-13.86214724209006,7.807069695848916
1741545854.4371183,-13.864242276091217,7.782161938275925
1741545854.459935,-13.86626685614718,7.7091234872654235
1741545854.4800842,-13.864342461606569,7.664883186850831
1741545854.4955993,-13.862646139862406,7.644235921585771
1741545854.508327,-13.860579758807582,7.624578310563271
1741545854.526908,-13.855482510245265,7.587907268330731
1741545854.539303,-13.852246176080067,7.570217004361819
1741545854.556902,-13.844269971838203,7.534136193523212
1741545854.5716825,-13.83503028709273,7.497106664492732
1741545854.5878687,-13.83013244861137,7.4782304403094
1741545854.610109,-13.820073370457541,7.439748868219306
1741545854.6248407,-13.809991126590708,7.400292937090486
1741545854.6393688,-13.805055016262251,7.380200360199161
1741545854.655707,-13.795589428835784,7.339296708642405
1741545854.6711404,-13.791014480905899,7.318518305284795
1741545854.6922557,-13.77723395357355,7.255141753799365
1741545854.710206,-13.772574348590863,7.233706918440015
1741545854.7239134,-13.76304857852131,7.190442032478956
1741545854.7419665,-13.758309937009349,7.168597963371061
1741545854.7565303,-13.749013122738639,7.1244911058640525
1741545854.7729657,-13.744330210982197,7.102266931284903
1741545854.7870016,-13.73477424857968,7.0575305872065695
1741545854.8003626,-13.725400077946539,7.012352588587055
1741545854.8144207,-13.720914362562059,6.989583490550707
1741545854.8301692,-13.716514433124086,6.96671079067068
1741545854.8434927,-13.70785772764054,6.920694157510061
1741545854.8563142,-13.70360645975924,6.897557198525242
1741545854.8720956,-13.69543549863178,6.851013534298123
1741545854.8859773,-13.691504309153583,6.827616548216098
1741545854.899934,-13.687612846202098,6.804151465055773
1741545854.9130504,-13.67999585318818,6.757021374773778
1741545854.9254422,-13.676158730434778,6.733380037047433
1741545854.946296,-13.66815570848271,6.6860026909064745
1741545854.9595304,-13.659877784864296,6.638488505627402
1741545854.9771028,-13.655689573799295,6.614676467998299
1741545854.991435,-13.651509434110569,6.590823310863711
1741545855.0065117,-13.643434773119443,6.542956575617784
1741545855.0211256,-13.635936296004738,6.494859218586334
1741545855.0398955,-13.628734352751446,6.44659244438404
1741545855.0531702,-13.625234054191909,6.422401363452099
1741545855.0700552,-13.621845835354195,6.39816761673784
1741545855.08589,-13.615481136053996,6.349569299297638
1741545855.0997908,-13.609236105255858,6.3008629831820855
1741545855.11287,-13.606027351705944,6.276489104232742
1741545855.126148,-13.602789015647248,6.252099189904358
1741545855.139187,-13.599501935709842,6.227696795303735
1741545855.1535466,-13.592994980186916,6.1788296105808165
1741545855.1666057,-13.589788550876156,6.154364757490526
1741545855.1792092,-13.586651430227779,6.129875312941392
1741545855.1946352,-13.580649004480932,6.080818473657831
1741545855.2085168,-13.577651013507706,6.0562690705247135
1741545855.221782,-13.57459171394056,6.0317143795952095
1741545855.2337866,-13.568375179038767,5.982581167071911
1741545855.246146,-13.565251802750222,5.957999528665458
1741545855.2677279,-13.559132323587345,5.908789025622369
1741545855.2787845,-13.5561525188099,5.884159353983429
1741545855.2935486,-13.55049098816267,5.834837967502711
1741545855.3049228,-13.54779728523906,5.810149274905643
1741545855.3213837,-13.542644848806825,5.760723652767542
1741545855.3335767,-13.540159108751844,5.735990623988544
1741545855.345592,-13.537672720485762,5.711250857706923
1741545855.35779,-13.535244740983526,5.686498826508141
1741545855.3716834,-13.53067572723836,5.636949302244615
1741545855.3840163,-13.528528200318071,5.612153733302912
1741545855.3956177,-13.526426468370966,5.587348902426498
1741545855.4096687,-13.524326372593912,5.562538862183836
1741545855.4220662,-13.520181878296562,5.512899841222016
1741545855.4345727,-13.518021913429532,5.488081143578137
1741545855.4500737,-13.513390343267744,5.438459575455639
1741545855.4616866,-13.510941177327894,5.414135544412226
1741545855.4730506,-13.50833369768858,5.390281680219084
1741545855.4853315,-13.505475066567124,5.366408579842685
1741545855.498675,-13.502333178553851,5.342525230184901
1741545855.5125434,-13.498972200239761,5.318627927331036
1741545855.5240548,-13.49185907103838,5.2707668857170304
1741545855.5365899,-13.488112966452368,5.246807500695641
1741545855.5489607,-13.484250211584873,5.222830548197365
1741545855.560026,-13.476110844733764,5.174843647473601
1741545855.575968,-13.471831060207208,5.150839010273423
1741545855.5871866,-13.467427523993138,5.126826947795504
1741545855.6019235,-13.458220022029057,5.078794079747491
1741545855.6133435,-13.453534133274557,5.054754096596762
1741545855.6243412,-13.44887672811743,5.030684001783689
1741545855.639949,-13.439705074865905,4.982447246162258
1741545855.651033,-13.439705074865905,4.982447246162258
1741545855.664065,-13.430817215179056,4.934072771449901
1741545855.6772778,-13.426627805706827,4.909810834893536
1741545855.6884124,-13.42268523860153,4.885489361346005
1741545855.699723,-13.419020389456126,4.861107124559166
1741545855.711571,-13.412425769384251,4.812189798855057
1741545855.7234275,-13.409460899855985,4.787665429533942
1741545855.7351108,-13.409460899855985,4.787665429533942
1741545855.7468696,-13.40406750154968,4.738513437733914
1741545855.757727,-13.40174594283783,4.713879325685577
1741545855.770605,-13.397837063995025,4.664511973573082
1741545855.7824187,-13.39624811024976,4.639784810306614
1741545855.7950532,-13.39492091013627,4.615031659868227
1741545855.8069437,-13.39380368271935,4.590258038101366
1741545855.8198528,-13.392104817935266,4.540661710727251
1741545855.8336942,-13.39153503323562,4.515842109845114
1741545855.847239,-13.39117389441734,4.491010333536401
1741545855.8637817,-13.39085687900466,4.44131928244283
1741545855.890022,-13.390826687865804,4.391598643470888
1741545855.904163,-13.391127746079766,4.341853004606445
1741545855.9777393,-13.393400292576805,4.1675835884395385
1741545855.991806,-13.39432878609819,4.117755665307708
1741545856.0238261,-13.395949472799485,4.0429903804678275
1741545856.0492365,-13.397186430533578,3.9931338061870725
1741545856.0657656,-13.39868994275392,3.9432728165427378
1741545856.0780404,-13.399550799855056,3.9183416585811606
1741545856.0950327,-13.4013199028104,3.8684734334439166
1741545856.1097536,-13.402235256172766,3.843536872862619
1741545856.1243017,-13.404162822729793,3.7936608508869853
1741545856.1418428,-13.40620566867429,3.7437813587458
1741545856.1575105,-13.40727759805902,3.7188409454586013
1741545856.1714253,-13.40836527880318,3.6938994740125057
1741545856.1884499,-13.410641632154924,3.644016146868565
1741545856.2034721,-13.413034314057848,3.5941322456992957
1741545856.2177837,-13.414280875333176,3.569190673055936
1741545856.2323081,-13.416699719063669,3.5193000667120575
1741545856.2486434,-13.4191279484159,3.4694051970427653
1741545856.2632132,-13.420363967416277,3.4444571931097063
1741545856.2778683,-13.421549084152957,3.419505701000227
1741545856.2898715,-13.422740849506187,3.394553555944557
1741545856.3016405,-13.42525177566174,3.3446527889880766
1741545856.3152347,-13.426562802721694,3.3197039825263768
1741545856.332,-13.429259688822157,3.2698080180339386
1741545856.3460467,-13.430644043979186,3.2448608890398667
1741545856.3597257,-13.43351022980066,3.194970100646924
1741545856.3753433,-13.43351022980066,3.194970100646924
1741545856.3947291,-13.4378787509797,3.1201333540426575
1741545856.4085183,-13.44077226674066,3.0702383367920616
1741545856.4246466,-13.442265841664877,3.0452928243757036
1741545856.4385715,-13.44380438461403,3.020349577753411
1741545856.4514477,-13.446809306159953,2.9704574026066988
1741545856.4642336,-13.44826418275662,2.9455078630919105
1741545856.4785259,-13.44964931354095,2.9205539856658493
1741545856.4917445,-13.452145436244152,2.870630695110412
1741545856.506555,-13.45336455954315,2.845667093213014
1741545856.5205321,-13.45557517843492,2.7957285018452
1741545856.5358877,-13.456577601811121,2.7707543544497555
1741545856.5483997,-13.457602608512442,2.7457808549107714
1741545856.5622125,-13.459798862621115,2.6958393068450066
1741545856.5779588,-13.460954565647175,2.6708707674265817
1741545856.5900571,-13.462125596920027,2.645902716695528
1741545856.6030402,-13.464561882145011,2.5959704927501397
1741545856.6165018,-13.465826184139045,2.5710063785493467
1741545856.6303723,-13.467103290366056,2.546042730900676
1741545856.6485736,-13.469750720731016,2.496119773088594
1741545856.6605964,-13.472506294360693,2.446202027567012
1741545856.6739724,-13.473932010031247,2.4212456245383427
1741545856.6881182,-13.475372002585207,2.3962899028902322
1741545856.7001011,-13.478349375003793,2.3463837878509435
1741545856.7117438,-13.47988702088833,2.3214335162545128
1741545856.723451,-13.481439489363733,2.2964840486664158
1741545856.7358897,-13.483033794904323,2.271537111310254
1741545856.7481174,-13.484643070221445,2.246591031789579
1741545856.7616858,-13.487934951243531,2.196703369931015
1741545856.7735124,-13.489521424627062,2.171755550197295
1741545856.7864976,-13.491088309254078,2.1472829071943624
1741545856.8017724,-13.494281699972227,2.099204804571517
1741545856.8144805,-13.495803429999118,2.075096544392469
1741545856.827896,-13.497188428568045,2.0509398857437406
1741545856.839701,-13.499510913537634,2.002490114754693
1741545856.8514838,-13.499510913537634,2.002490114754693
1741545856.8642526,-13.501697148611546,1.9543871085327775
1741545856.8757033,-13.502860904690023,1.9315206571208061
1741545856.8892462,-13.504005430167487,1.9090679259989833
1741545856.9024205,-13.506186397069213,1.8638031600521463
1741545856.9143524,-13.507205064716066,1.8410016363061403
1741545856.9267657,-13.508119778258665,1.8180921655948983
1741545856.9404757,-13.509858146757612,1.771978518053977
1741545856.9541407,-13.510699327905838,1.7487842526331903
1741545856.966339,-13.51156041830986,1.725505525105051
1741545856.9772394,-13.512482278514613,1.702147971980272
1741545856.9898624,-13.513431361496194,1.6787142105553938
1741545857.001313,-13.515446085873045,1.6316341712751226
1741545857.012615,-13.515446085873045,1.6316341712751226
1741545857.026532,-13.517728028482791,1.5842990776560961
1741545857.0377073,-13.519001033294348,1.5605457519841521
1741545857.0495484,-13.52037284744171,1.536740173897416
1741545857.0609574,-13.523351348423335,1.4889807665053245
1741545857.0722978,-13.524921206644484,1.4655309474515246
1741545857.0846994,-13.526518828354549,1.4430363029848228
1741545857.0958695,-13.528123804800641,1.4209491974543393
1741545857.1090426,-13.529655347524763,1.399263866898977
1741545857.1209705,-13.532359349732815,1.358140022069211
1741545857.1317258,-13.533648512765577,1.33753845728827
1741545857.1428647,-13.534855629214967,1.316724340142312
1741545857.1552045,-13.536034581697825,1.2957109071274313
1741545857.1667852,-13.537253322175665,1.2745114477353157
1741545857.182349,-13.539885492339689,1.2315945325744415
1741545857.1940544,-13.541282747272005,1.2098929849591555
1741545857.2063854,-13.542710371709541,1.1880383763248383
1741545857.2179077,-13.544190064171094,1.1660395478331123
1741545857.2291808,-13.545669975897923,1.1439000782490538
1741545857.2405136,-13.54855518550062,1.0992207346207923
1741545857.2511783,-13.54855518550062,1.0992207346207923
1741545857.2680922,-13.551731682262547,1.054074783282328
1741545857.3098493,-13.55920401477447,0.9625847947322866
1741545857.3492634,-13.56800185049903,0.8697533256426154
1741545857.3855941,-13.577920499386003,0.7758322331851313
1741545857.4278429,-13.586533289462123,0.6807989941594242
1741545857.4757323,-13.590062127347759,0.5604872690818213
1741545857.5111606,-13.585751204261271,0.48789992994687753
1741545857.548162,-13.571568256035919,0.3989256653281712
1741545857.5911837,-13.548173706827104,0.31445109390797715
1741545857.6282651,-13.51486849502155,0.23102222156246238
1741545857.6727698,-13.460188523575269,0.13014105546892382
1741545857.7112236,-13.420779145898756,0.07232894244431656
1741545857.7445083,-13.360859790579571,-0.0005059577103919376
1741545857.781504,-13.31065788416978,-0.05129821435481089
1741545857.8242872,-13.217764493510177,-0.12728263491686007
1741545857.8603392,-13.136001955996504,-0.17911574581476014
1741545857.8991146,-13.070925216063031,-0.21217369161287086
1741545857.940066,-12.979975655861264,-0.24789755597476035
1741545857.9751832,-12.885263479723958,-0.2734899263274584
1741545858.0077188,-12.812475928892985,-0.2857701825761199
1741545858.0431697,-12.714610798946104,-0.29353082013352333
1741545858.0758793,-12.647139343075748,-0.29426775872228755
1741545858.11469,-12.558307159738119,-0.288459543412503
1741545858.152559,-12.467949338091184,-0.2778214727715961
1741545858.1885862,-12.399204635076048,-0.26904655857649745
1741545858.222451,-12.306308735226727,-0.2576708869689067
1741545858.266519,-12.212277128396398,-0.2462372069772592
1741545858.2985952,-12.141080814528179,-0.23804504071087743
1741545858.3423586,-12.021531542451807,-0.22359022157981268
1741545858.3709667,-11.973444440198103,-0.2176025670665979
1741545858.4027305,-11.876697471674252,-0.20697524097579267
1741545858.436705,-11.803625995204303,-0.20102948890084799
1741545858.4703755,-11.730255511984579,-0.19598814043665777
1741545858.5066218,-11.632069584520693,-0.19011836166390686
1741545858.5503478,-11.533568582830217,-0.18467069720571866
1741545858.5936825,-11.410077925138715,-0.1784963210690815
1741545858.6263852,-11.335822463758813,-0.17512363852235835
1741545858.667917,-11.236652923548014,-0.17117813855568276
1741545858.7083554,-11.137310065253082,-0.16841625425963122
1741545858.7863293,-10.938281878661765,-0.1642602374624975
1741545858.8223717,-10.83863630884525,-0.16287137486611183
1741545858.853065,-10.763857761222068,-0.16213942571316722
1741545858.8879755,-10.68904759743827,-0.1616524508698541
1741545858.9231598,-10.589259715966076,-0.16141334929690326
1741545858.955158,-10.514393602091271,-0.1613938422917253
1741545858.9887342,-10.439509772846248,-0.16111690927421132
1741545859.0227656,-10.339639943714955,-0.16109116889145736
1741545859.052465,-10.264722231697885,-0.16103616909217905
1741545859.091364,-10.189793550096814,-0.16122929610232234
1741545859.1223974,-10.089873797089513,-0.16143976437827715
1741545859.200109,-9.889994932794444,-0.16203925761188337
1741545859.2296042,-9.840019197591749,-0.1623392083653728
1741545859.2551434,-9.790042111671678,-0.16275367715018194
1741545859.2883596,-9.69008274339445,-0.16363530178767188
1741545859.327919,-9.590119584404613,-0.16478180741524767
1741545859.3785827,-9.465167691070276,-0.16688007793178244
1741545859.4136677,-9.39019364585702,-0.16816080103846395
1741545859.4459984,-9.29021850178853,-0.16942290796553577
1741545859.491103,-9.190238896891536,-0.1705568745337476
1741545859.5228148,-9.090263943552445,-0.1722047512426414
1741545859.5560498,-9.015285320022972,-0.17366287548014592
1741545859.5858257,-8.940306635587966,-0.17516532804649698
1741545859.6229541,-8.840343034228274,-0.17758523599285195
1741545859.6620352,-8.740386081739146,-0.18031333215060769
1741545859.69378,-8.665410697768658,-0.18208503616114444
1741545859.7266488,-8.590432176047479,-0.18374028701834502
1741545859.7558181,-8.515459707461313,-0.1856680661858215
1741545859.7869532,-8.440481437303255,-0.18737051437127186
1741545859.815554,-8.365497433486999,-0.18881567410019176
1741545859.9394555,-8.065522928269486,-0.1920583116382502
1741545859.990785,-7.940524741221115,-0.19219560647708947
1741545860.0343997,-7.815527428722544,-0.1916288610599373
1741545860.0653896,-7.740530091225393,-0.19108091658698856
1741545860.10135,-7.640531791812668,-0.19064437585459182
1741545860.1372461,-7.565534549930243,-0.1900575361490261
1741545860.1692016,-7.490535868142664,-0.189691514817709
1741545860.2135026,-7.3905364271494145,-0.18960599855800167
1741545860.2379684,-7.3155369647652195,-0.18979821765342964
1741545860.2705832,-7.2405372599991376,-0.18975589318406835
1741545860.2996364,-7.140537733069929,-0.18985020451246915
1741545860.3305938,-7.090538445108431,-0.19009055185850868
1741545860.3891313,-6.940540890790043,-0.19085366629423844
1741545860.427647,-6.8405424280038645,-0.19134974944633637
1741545860.455402,-6.765542592999236,-0.1914324453250412
1741545860.4884698,-6.690543417085011,-0.19175360374892475
1741545860.5206342,-6.590544519869827,-0.19218737897867147
1741545860.552414,-6.515546574006129,-0.19273039840493444
1741545860.5881724,-6.440548103236666,-0.19319342208463675
1741545860.6288974,-6.340553772637924,-0.19424173265800682
1741545860.6639655,-6.2405652317399785,-0.19574536673062093
1741545860.6961842,-6.165578165333723,-0.19713503658955908
1741545860.748,-6.04059121640088,-0.19892458853085032
1741545860.780656,-5.940595724339597,-0.19986053325567893
1741545860.807604,-5.890596688088277,-0.20016547839357066
1741545860.837303,-5.815598668843939,-0.20070143930891465
1741545860.8693972,-5.740599506409616,-0.20104101265123464
1741545860.8974035,-5.665599622258001,-0.20114651201937359
1741545860.9418206,-5.540600964807739,-0.2017013234567998
1741545860.9704037,-5.490601053812779,-0.20177626576154484
1741545860.9993966,-5.4156011317742685,-0.20169805952542322
1741545861.0347745,-5.3156015767632425,-0.20195710261880007
1741545861.0645082,-5.240603325573499,-0.20246241821702857
1741545861.08773,-5.190605549482665,-0.20293125378006532
1741545861.1206617,-5.090608313550355,-0.20365104779156354
1741545861.1477702,-5.040608636066259,-0.203823422310768
1741545861.1881597,-4.940608745602773,-0.20384185199275834
1741545861.2184882,-4.865609264640018,-0.20357516198424466
1741545861.2448084,-4.790611194457459,-0.2030435767897176
1741545861.273634,-4.715615222731084,-0.20227073081942235
1741545861.320931,-4.590629504047324,-0.20039367607785122
1741545861.3560467,-4.515643751645369,-0.19893423215143458
1741545861.3863208,-4.440663786087971,-0.19720281711835919
1741545861.425616,-4.340696479537026,-0.19464867212993556
1741545861.4955678,-4.165730888451613,-0.1912014742828259
1741545861.5273435,-4.090738434549967,-0.190140584901488
1741545861.5673187,-3.990745506503244,-0.18895724229213937
1741545861.5999286,-3.890756359125679,-0.18748897549402346
1741545861.6319952,-3.8157608777696645,-0.186670488421993
1741545861.658343,-3.76576264772831,-0.18625094104731196
1741545861.6836112,-3.6907680861991445,-0.18535255629235475
1741545861.7228258,-3.5907737763518495,-0.18430203861703845
1741545861.7627897,-3.4907800383570926,-0.1831979678079898
1741545861.7899916,-3.44078555098941,-0.18245713365038432
1741545861.8394666,-3.2908136355956343,-0.17957089710911056
1741545861.868028,-3.240824425293105,-0.17853413670683896
1741545861.9414833,-3.065858765226793,-0.1750856476386488
1741545861.9703555,-2.9908719406746798,-0.17368293144656297
1741545862.0209184,-2.840894492322453,-0.17109792220145187
1741545862.0528262,-2.765906930022065,-0.1697362445268189
1741545862.082335,-2.690916615727092,-0.16853474080611633
1741545862.112666,-2.615930937074721,-0.1670708892891036
1741545862.1356544,-2.5659383735895984,-0.1662093221013866
1741545862.1605053,-2.490945786821147,-0.16515810830456615
1741545862.2020698,-2.3909582626531325,-0.16358941280999853
1741545862.2500224,-2.2909698134343905,-0.16208081865446083
1741545862.2747056,-2.215974220666219,-0.16127184231249247
1741545862.3014038,-2.1409762430537054,-0.1607269334705768
1741545862.3260057,-2.0909767900244987,-0.1604981759564442
1741545862.3522925,-2.0159769630676188,-0.16035907774916935
1741545862.3799248,-1.9409770270487612,-0.1603409133629402
1741545862.403616,-1.8909773674972552,-0.160163655671241
1741545862.4256244,-1.8409776150999115,-0.16001988644455145
1741545862.4488225,-1.7909778601920066,-0.15987466794752075
1741545862.4821048,-1.6909793018344819,-0.1593511162314294
1741545862.5078495,-1.640979434029817,-0.1592487361534434
1741545862.5745628,-1.4659800375687726,-0.15897115547578836
1741545862.605957,-1.3909806135011544,-0.15867734763827646
1741545862.631779,-1.315981195270247,-0.1583834633866675
1741545862.662782,-1.2409832091667432,-0.1578407643430231
1741545862.6860406,-1.1909845128466163,-0.1574852440006465
1741545862.7124856,-1.1159850925433243,-0.1572031954000032
1741545862.7446258,-1.0409851357159585,-0.15718987838363213
1741545862.768354,-0.9909851824796753,-0.15716533090970664
1741545862.7944252,-0.915985251297688,-0.15718063702692384
1741545862.820555,-0.8409859627154761,-0.1574964283633206
1741545862.8444512,-0.7909872036528788,-0.15784529531071892
1741545862.8744159,-0.7159905154557666,-0.15854690681432873
1741545862.9039924,-0.6409920499355375,-0.15901783704328537
1741545862.9231472,-0.5909923627002861,-0.15918802548649086
1741545862.9456313,-0.5409928443378361,-0.15939781804789724
1741545862.972856,-0.46599487509287535,-0.15994494963494882
1741545863.0122902,-0.36599575582086785,-0.16034660070654616
1741545863.0313706,-0.34099612200238194,-0.16048103103453576
1741545863.0782754,-0.21600119388956068,-0.16158559408834927
1741545863.1012928,-0.14100621796124663,-0.16244811042669488
1741545863.122363,-0.09100789092721326,-0.16285380815580117
1741545863.1613832,0.008990906161676974,-0.16332214606861034
1741545863.1898184,0.05899038750253002,-0.16354071917156168
1741545863.2109094,0.10898904407981973,-0.16390350276217155
1741545863.241377,0.20898320542801804,-0.16497415334121524
1741545863.2648287,0.2589782918422043,-0.1656734593978815
1741545863.2950075,0.33397228409121416,-0.16661671740380743
1741545863.3168812,0.3839701672228675,-0.1670758167875062
1741545863.3395882,0.4589675209974265,-0.16769794808523206
1741545863.3596573,0.5089655565777568,-0.16813721880883686
1741545863.377371,0.5339649455069717,-0.16831152098663435
1741545863.3970735,0.5839643383156663,-0.16855604497914506
1741545863.429358,0.6589641508518256,-0.16870298198368738
1741545863.460307,0.7589638666316614,-0.16851652013198862
1741545863.4839647,0.8089631550891953,-0.16825431756187936
1741545863.5035086,0.8589617188813441,-0.1678785513230035
1741545863.5251727,0.9089592952534576,-0.16738872708586744
1741545863.5450425,0.9589571729357373,-0.16693230267013423
1741545863.5688531,1.0089561417782553,-0.16661528520739585
1741545863.5932817,1.0839538471844195,-0.16603872757492058
1741545863.6200461,1.1589501117239582,-0.1652962018014792
1741545863.6495063,1.2089477896732383,-0.16481805734625618
1741545863.6697123,1.2589455711067807,-0.16435086798394283
1741545863.6909645,1.3089444461273712,-0.1640194066501411
1741545863.7105322,1.3589439587617376,-0.16380407696668858
1741545863.7310529,1.4089432808619617,-0.1635516322715195
1741545863.754738,1.4839405631388414,-0.16291903952166942
1741545863.7779515,1.5339373108862528,-0.1623494990992415
1741545863.7977316,1.5839330348590084,-0.16169634271121144
1741545863.8211043,1.658929644004998,-0.1609892995821546
1741545863.8456354,1.7089285665406968,-0.16066466815403976
1741545863.8689601,1.7589280820324469,-0.16044981395640356
1741545863.8884003,1.8089273972311906,-0.16019605347817853
1741545863.9278011,1.9089243967244158,-0.15943072648540083
1741545863.949956,1.958922984393035,-0.15905957488025355
1741545863.983926,2.0589165139736045,-0.1579324302187879
1741545864.0023568,2.1089130461238015,-0.1573469914362385
1741545864.0311015,2.158909528527179,-0.15675691152242355
1741545864.0509777,2.2089042172148177,-0.1560299980719742
1741545864.0780768,2.283892822817092,-0.15472527398145974
1741545864.094244,2.333882502688215,-0.15370987090857138
1741545864.11911,2.3838697750343445,-0.15258215785416
1741545864.1423376,2.4588454042476355,-0.1506720905069842
1741545864.1684544,2.508825469859388,-0.14926119737832225
1741545864.1855583,2.558802183308612,-0.14773617888533416
1741545864.206112,2.6087752740179218,-0.146096737793243
