1741545717.185739,0.0
1741545717.195637,0.0
1741545717.2240906,0.0
1741545717.2484033,0.0
1741545717.2938058,0.309075
1741545717.319544,0.5943749999999999
1741545717.3404837,0.7712913146109375
1741545717.3651648,0.9317828959320009
1741545717.381262,1.0773745997360271
1741545717.4011953,1.2094497157145707
1741545717.4281385,1.32926311033097
1741545717.4472482,1.437953149504111
1741545717.469846,1.582364442342358
1741545717.6721592,2.153650985238327
1741545717.706342,2.200745620443575
1741545717.7302778,2.2414365860248697
1741545717.7536066,2.265441354168498
1741545717.7847178,2.297335349499401
1741545717.8071055,2.3161505324805645
1741545717.832711,2.341149372484382
1741545718.0822608,2.4530058727799537
1741545718.100605,2.4573687604394503
1741545718.1260948,2.4613266019824342
1741545718.1480346,2.4649170014843036
1741545718.169621,2.4681740718957945
1741545718.1924794,2.472501586657652
1741545718.2172396,2.4750545117851965
1741545718.2347538,2.477370425903207
1741545718.255234,2.479471332876205
1741545718.279379,2.482262708189082
1741545718.298362,2.4839094205791725
1741545718.3207734,2.4854032538417963
1741545718.3397167,2.486758401121886
1741545718.3696144,2.487987737887027
1741545718.3910751,2.4891029442593027
1741545718.4162374,2.4905846659996476
1741545718.4368763,2.491458776169368
1741545718.4561875,2.492251734827227
1741545718.484888,2.4933053013345154
1741545718.506421,2.4939268304471836
1741545718.529067,2.4944906574201147
1741545718.5468075,2.495002139262115
1741545718.568521,2.495466135642665
1741545718.5942125,2.496082625596089
1741545718.6444585,2.4969295218443976
1741545718.6662729,2.4972145819582097
1741545718.6821785,2.4974731773768277
1741545718.6995828,2.497707765056023
1741545718.7183225,2.4979205738502563
1741545718.7338169,2.498019450563677
1741545718.7532866,2.498203322787844
1741545718.7751958,2.498370124499052
1741545718.793733,2.4985214405066096
1741545718.811441,2.49865870848772
1741545718.8310719,2.4987832326470754
1741545718.8494089,2.498841089934707
1741545718.864183,2.4989486819833613
1741545718.89092,2.4990916344283463
1741545718.9108844,2.4991759661773822
1741545718.9259603,2.499215148985648
1741545718.9510324,2.4993218687123857
1741545718.9682765,2.499354113855112
1741545718.9849308,2.499414077277302
1741545719.004159,2.49946847375549
1741545719.02125,2.4995178201191757
1741545719.0385444,2.499562585215926
1741545719.0622072,2.499603194365971
1741545719.0826745,2.4996400334032365
1741545719.1012895,2.4996734523412134
1741545719.127028,2.4997037686984913
1741545719.149251,2.4997312705155514
1741545719.1681585,2.4997562190914864
1741545719.1831994,2.4997788514666426
1741545719.2036805,2.499799382674778
1741545719.2202392,2.499818007786133
1741545719.235755,2.499826661515902
1741545719.2489102,2.499834903760821
1741545719.2661495,2.4998502311301576
1741545719.282208,2.4998641355218907
1741545719.3003495,2.4998767490438345
1741545719.316009,2.4998826096268
1741545719.3356326,2.4998935080313642
1741545719.3520625,2.499903394638974
1741545719.3677611,2.499907988223891
1741545719.3837821,2.499916530504943
1741545719.4087622,2.4999242797291856
1741545719.4261124,2.4999313095232183
1741545719.4395814,2.4999376866782206
1741545719.4583957,2.4999434717845457
1741545719.477582,2.4999461597011905
1741545719.5006955,2.4999534806090713
1741545719.516581,2.49995569260611
1741545719.533743,2.499959806060141
1741545719.551802,2.499963537625223
1741545719.5652525,2.4999652714111438
1741545719.5855596,2.499968495578518
1741545719.6018083,2.4999714204174257
1741545719.6179714,2.4999740737172207
1741545719.6377306,2.499975306511967
1741545719.656843,2.499977599030641
1741545719.6718957,2.4999796787141793
1741545719.69064,2.499981565321983
1741545719.7040913,2.4999824418909227
1741545719.72049,2.4999840719681674
1741545719.7366178,2.499984829346081
1741545719.7504258,2.4999862377743822
1741545719.7644715,2.4999868921682102
1741545719.781327,2.499988109086173
1741545719.7967098,2.4999886744991255
1741545719.81104,2.4999897259472728
1741545719.827713,2.49999021447848
1741545719.8443859,2.4999911229564877
1741545719.8608341,2.499991947092308
1741545719.8764524,2.499992330008069
1741545719.890506,2.4999926947161852
1741545719.9094105,2.499993372931411
1741545719.9278023,2.4999939881818154
1741545719.944947,2.4999945463129887
1741545719.9590127,2.4999950526278236
1741545719.9764946,2.4999952878753704
1741545719.9935913,2.4999957253442973
1741545720.0058136,2.499995928604176
1741545720.0229452,2.4999963065884825
1741545720.0351508,2.4999964822102
1741545720.050913,2.4999968087982785
1741545720.0711524,2.4999971050662473
1741545720.0841866,2.4999972427203474
1741545720.1032977,2.499997498703426
1741545720.1160214,2.499997617640078
1741545720.1312504,2.499997838815985
1741545720.1442652,2.499997941580285
1741545720.1569335,2.4999980394581423
1741545720.1728609,2.499998221472883
1741545720.189872,2.4999983865895574
1741545720.20138,2.499998463307224
1741545720.2139184,2.4999985363769652
1741545720.2258072,2.4999986059722406
1741545720.2417428,2.49999873539238
1741545720.2591913,2.4999988527972836
1741545720.2754123,2.499998907346773
1741545720.2882705,2.499998959302434
1741545720.300939,2.4999990559197527
1741545720.3157287,2.4999991008107685
1741545720.3274157,2.4999991435672166
1741545720.342534,2.4999992230775776
1741545720.354537,2.499999260020239
1741545720.3665276,2.4999992952062766
1741545720.3823025,2.4999993606386197
1741545720.3945556,2.4999993910402534
1741545720.40605,2.499999419996289
1741545720.4173963,2.4999994475754654
1741545720.4311326,2.4999994988620053
1741545720.4444356,2.499999522691117
1741545720.4574006,2.4999995453871544
1741545720.4701738,2.499999587592955
1741545720.4824073,2.49999960720291
1741545720.4982622,2.40489960720291
1741545720.5098462,2.413728632332048
1741545720.5205054,2.318628632332048
1741545720.5323625,2.327252840864659
1741545720.5449674,2.3354669682815445
1741545720.5577228,2.3507420500019216
1741545720.570733,2.3578392655243303
1741545720.5808265,2.3645990084486486
1741545720.5965123,2.3710373255969155
1741545720.6073797,2.377169500764782
1741545720.618752,2.388572961176204
1741545720.6339073,2.3938713168722754
1741545720.6443355,2.3989177357549987
1741545720.6553328,2.4037241974198484
1741545720.6667283,2.4083021118325347
1741545720.678305,2.4168152518428694
1741545720.690366,2.420770686617741
1741545720.702525,2.4245380404690673
1741545720.7142944,2.428126256644763
1741545720.7250922,2.4315438531413047
1741545720.7420428,2.4378992531883785
1741545720.7541063,2.440852143699271
1741545720.7650654,2.4436646242663707
1741545720.7779512,2.4488947440732667
1741545720.7913225,2.451324798992583
1741545720.801786,2.4536393048004856
1741545720.8135924,2.4558437558572224
1741545720.8289032,2.4579433852662116
1741545720.8595471,2.465389883862394
1741545720.8784811,2.468603052347968
1741545720.9013498,2.4715179134925425
1741545720.9255526,2.474162161850603
1741545720.9488685,2.4765609208419606
1741545720.9724677,2.479748037985211
1741545720.995974,2.4816282098360722
1741545721.0229692,2.4841263048759354
1741545721.053259,2.4862847226838842
1741545721.0711687,2.487558035280347
1741545721.1007414,2.4892498252515467
1741545721.1301541,2.490711574921946
1741545721.1605926,2.491974563907156
1741545721.184249,2.492719637348516
1741545721.213864,2.493709581042941
1741545721.2316368,2.494293577232769
1741545721.4589145,2.49813905205564
1741545721.4854121,2.498311820597194
1741545721.5078902,2.4984685494805507
1741545721.5340762,2.4986767877040603
1741545721.56397,2.498856710838588
1741545721.794143,2.4996271566791446
1741545721.8233068,2.499677853864458
1741545721.8429942,2.49970776158873
1741545721.8706667,2.309521657525186
1741545721.8893812,2.214421657525186
1741545721.9054782,2.024221657525186
1741545721.9269888,1.8475027182638957
1741545721.948562,1.7278839564723332
1741545721.9671237,1.649440838554959
1741545721.986715,1.662812823626817
1741545722.0108602,1.632874045438663
1741545722.0340188,1.7133771497663681
1741545722.0525398,1.7030825074856726
1741545722.0729945,1.7041863215594795
1741545722.0949001,1.7780688656626848
1741545722.1169784,1.8450922284385989
1741545722.1416426,1.9341429872980955
1741545722.1692123,1.9866765850856851
1741545722.1872616,2.0343330163196063
1741545722.2058032,2.0775650722533427
1741545722.2221317,2.1167835074543273
1741545722.2503278,2.168891179634344
1741545722.2849712,2.213913536978396
1741545722.3244507,2.2645676958725898
1741545722.3427336,2.2864249949668936
1741545722.3635893,2.3062530843252245
1741545722.3798559,2.3242403537451874
1741545722.395062,2.3325977249246037
1741545722.421604,2.3553601661073196
1741545722.4380229,2.3687883832844823
1741545722.4569983,2.375027495659305
1741545722.474256,2.3866298176773597
1741545722.49679,2.397154991750586
1741545722.515778,2.406703019214341
1741545722.5912783,2.4368162964508215
1741545722.6074908,2.439820681554585
1741545722.62885,2.4454076691492905
1741545722.647129,2.4504759664166587
1741545722.6637597,2.4550737280466928
1741545722.9183073,2.4873410635012068
1741545722.9361153,2.4879429959317245
1741545722.952447,2.4890623561022767
1741545722.968604,2.4895824410696132
1741545722.9925036,2.4909989634694054
1741545723.0130298,2.491834610677367
1741545723.0298634,2.492222874939658
1741545723.0447717,2.4929448954336926
1741545723.0641954,2.4935998842688862
1741545723.0828981,2.494194064597247
1741545723.1014156,2.4947330818195885
1741545723.113635,2.494983523779067
1741545723.1669447,2.49606803458993
1741545723.1847863,2.4964330743168057
1741545723.1983438,2.4967642241213905
1741545723.212281,2.4969180852644186
1741545723.227714,2.4970646303100956
1741545723.2426825,2.4973371470893984
1741545723.2573235,2.4974637657452976
1741545723.268683,2.497584363684109
1741545723.2850468,2.497808628938001
1741545723.3025448,2.4980120736305476
1741545723.3216631,2.4981966307217913
1741545723.3357592,2.49828238093097
1741545723.353211,2.4984418429634254
1741545723.369253,2.4985159333305145
1741545723.3831422,2.4986537125923327
1741545723.3962326,2.4987177285585673
1741545723.417122,2.498836773353713
1741545723.4304655,2.4989447661494193
1741545723.4433339,2.4989949425190146
1741545723.4576783,2.4990882510479793
1741545723.4699407,2.4990882510479793
1741545723.4852211,2.4991728969066567
1741545723.4991772,2.499249684328672
1741545723.5103374,2.4992853618388433
1741545723.52203,2.4993193428834064
1741545723.5345974,2.4993517081293004
1741545723.550117,2.4994118948966633
1741545723.5640712,2.499439859294327
1741545723.5778108,2.499491862195901
1741545723.5910566,2.4995160241484857
1741545723.6053498,2.499539037200225
1741545723.61825,2.499581832524441
1741545723.6305547,2.499601716387904
1741545723.642147,2.499620654773659
1741545723.6535087,2.4996386926391714
1741545723.6660967,2.499655872804179
1741545723.6783957,2.4996878212280516
1741545723.6907911,2.4997026653286576
1741545723.7056396,2.49971680359228
1741545723.7170317,2.4997302695814674
1741545723.7316577,2.499755311083119
1741545723.7432306,2.4997669460411167
1741545723.7549415,2.4997780277568618
1741545723.766208,2.499788582537023
1741545723.7769194,2.499798635437388
1741545723.7878063,2.49980821032234
1741545723.800635,2.4998260158837446
1741545723.8121703,2.4998342888284726
1741545723.8236377,2.4998421683946788
1741545723.8391333,2.4998568213226906
1741545723.849443,2.4998568213226906
1741545723.8611798,2.4998701138875554
1741545723.8721523,2.4998762899722022
1741545723.8824174,2.499882172384024
1741545723.8953712,2.4998877750871635
1741545723.9057274,2.499893111381769
1741545723.9159675,2.499898193935566
1741545723.9287732,2.4999030348139297
1741545723.9393625,2.499912036964597
1741545723.949875,2.4999162196069302
1741545723.9625375,2.4999202033646206
1741545723.973209,2.499923997694633
1741545723.9835358,2.499927611604253
1741545723.9950366,2.4999310536724706
1741545724.0139413,2.4999374545803996
1741545724.0260339,2.4999404286151017
1741545724.0383117,2.4999459591627553
1741545724.0487647,2.4999459591627553
1741545724.059375,2.499950976259909
1741545724.0896735,2.499957642238612
1741545724.1109717,2.4999615746907153
1741545724.1409297,2.4999667995530546
1741545724.1704035,2.499971313967333
1741545724.2038903,2.4999752145363727
1741545724.224082,2.4999775155939683
1741545724.2563329,2.4999805728999074
1741545724.2776935,2.4999823764924045
1741545724.3026552,2.499984772840094
1741545724.3457446,2.4999874689445134
1741545724.367802,2.4999886323151426
1741545724.3913991,2.499990178030443
1741545724.4116447,2.49999108989225
1741545724.4351873,2.4999919170977214
1741545724.4545932,2.499992667506266
1741545724.4824712,2.499993664538459
1741545724.5086834,2.4999942527163572
1741545724.5392442,2.4999952703241664
1741545724.56468,2.499995709422529
1741545724.5921638,2.499996292831669
1741545724.6156802,2.499996637001461
1741545724.6465557,2.309796796912041
1741545724.6794868,2.3434739697836373
1741545724.704855,2.3580056895115793
1741545724.7290316,2.3711882989480277
1741545724.7467866,2.383147048139963
1741545724.7678823,2.3939955590455644
1741545724.7931778,2.4084094602380377
1741545724.8152268,2.416912634130022
1741545724.859054,2.4348752721579
1741545724.879186,2.440921386603221
1741545724.902464,2.4464061858446677
1741545724.93139,2.4536935780973637
1741545724.9519434,2.4579926198846165
1741545724.9744582,2.46189254294213
1741545724.9923334,2.465430401052657
1741545725.0185,2.470130985094269
1741545725.0362544,2.4715512567530364
1741545725.0553453,2.4741924095562196
1741545725.0806923,2.4777015838447984
1741545725.1000805,2.4797717464464855
1741545725.125225,2.4816497172275698
1741545725.1421814,2.4833533390840037
1741545725.1613564,2.484898798395167
1741545725.1827192,2.4863007788132054
1741545725.207629,2.4875726007747185
1741545725.2260077,2.488726348060326
1741545725.2459915,2.489772982604569
1741545725.2797914,2.491583767213846
1741545725.3014176,2.4923651218284393
1741545725.3403783,2.4937169450778
1741545725.3547072,2.4940157043393505
1741545725.376975,2.494571280349229
1741545725.4085965,2.4953094478065854
1741545725.4316518,2.4959472433106726
1741545725.4576445,2.496323497178821
1741545725.4762785,2.496664820015045
1741545725.4961293,2.4969744547813306
1741545725.5132277,2.497255343366323
1741545725.5313032,2.497510154536675
1741545725.5500197,2.4977413092934198
1741545725.5677109,2.4978487100365174
1741545725.592087,2.498141230620474
1741545725.6109135,2.498313796906253
1741545725.6323962,2.498470342311058
1741545725.650308,2.4985430775341673
1741545725.6689272,2.4986783367553302
1741545725.6910422,2.4988580492583807
1741545725.7139983,2.498964066820427
1741545725.7314467,2.4990602418182957
1741545725.7591424,2.4991880249701515
1741545725.7855427,2.4992634079179177
1741545725.8138936,2.4993635656603166
1741545725.8331306,2.4994226515863875
1741545725.8501556,2.4994762520343157
1741545725.883508,2.499547468403735
1741545725.90119,2.49958948098347
1741545725.9159544,2.499609001162706
1741545726.0256214,2.499771208696058
1741545726.0459805,2.499792449451353
1741545726.062943,2.4998117182362196
1741545726.082516,2.4998291981264167
1741545726.1064212,2.4998450552011313
1741545726.1233318,2.499859440120926
1741545726.1397421,2.499872489559188
1741545726.155084,2.4998785526806486
1741545726.173951,2.499889827728026
1741545726.1883018,2.4998950664195587
1741545726.2043822,2.499904808347971
1741545726.2209938,2.499913645845516
1741545726.2391055,2.4999216628786485
1741545726.4891577,2.4999756678729286
1741545726.5090375,2.4999779268432127
1741545726.5246234,2.499979976092961
1741545726.5456934,2.499981835092416
1741545726.5639436,2.499983521504226
1741545726.5848858,2.4999850513512536
1741545726.6004055,2.499986439168817
1741545726.6197205,2.4999876981427898
1741545726.6383336,2.4999888402348804
1741545726.6545131,2.499989370881712
1741545726.6726105,2.499990357678398
1741545726.6903822,2.499991252861869
1741545726.7050123,2.499991668788287
1741545726.723146,2.4999924422496305
1741545726.74229,2.4999931439035983
1741545726.7612267,2.4999937804167147
1741545726.7809086,2.499994357836592
1741545726.799873,2.4999948816493864
1741545726.8154042,2.4999951250269583
1741545726.8298,2.4999955776145684
1741545726.844261,2.4999957878989956
1741545726.8583498,2.49999617894623
1741545726.877961,2.4999965336890315
1741545726.89246,2.4999966985121183
1741545726.9068985,2.499996855497867
1741545726.9211924,2.499997147430293
1741545726.9416049,2.499997412260005
1741545726.9547994,2.4999975353070414
1741545726.9705305,2.4999977641266646
1741545726.988487,2.4999978704424417
1741545727.0043616,2.4999980681484306
1741545727.0242019,2.499998247499594
1741545727.0370557,2.499998330830988
1741545727.0492058,2.4999984101999746
1741545727.0635507,2.499998557795415
1741545727.077729,2.499998691688243
1741545727.0920875,2.499998753898467
1741545727.1077254,2.499998813150595
1741545727.1220481,2.4999989233365043
1741545727.1380486,2.499999023292864
1741545727.1544633,2.499999069735288
1741545727.1692753,2.499999113969375
1741545727.1852179,2.49999919622757
1741545727.2000196,2.499999270848997
1741545727.2137907,2.4999993055201273
1741545727.2295475,2.4999993385426453
1741545727.2428496,2.499999399951683
1741545727.2592287,2.4999994556595673
1741545727.277961,2.499999506195587
1741545727.2936988,2.499999529675987
1741545727.3071876,2.4999995520398937
1741545727.3230913,2.499999593628061
1741545727.3395681,2.4999996313552244
1741545727.357682,2.499999665579836
1741545727.370848,2.4999996814815146
1741545727.3885264,2.499999696627069
1741545727.4079502,2.4999997247919072
1741545727.422336,2.4999997503419507
1741545727.43787,2.4999997735199537
1741545727.4534411,2.4999997842890798
1741545727.4682744,2.499999794546134
1741545727.4830234,2.499999813620265
1741545727.4973366,2.4999998224826214
1741545727.5117707,2.499999838963157
1741545727.5253184,2.499999846620459
1741545727.539818,2.4999998608600618
1741545727.5529087,2.499999867476166
1741545727.566949,2.499999873777674
1741545727.582954,2.499999885496028
1741545727.5965683,2.4999998909406917
1741545727.6103916,2.4999999010656486
1741545727.6245563,2.499999905769977
1741545727.6393156,2.499999914518198
1741545727.6550515,2.4999999185828576
1741545727.6702735,2.4999999261415433
1741545727.6851735,2.499999929653513
1741545727.702652,2.4999999361844103
1741545727.7155602,2.4999999392188417
1741545727.7278526,2.499999942108986
1741545727.741028,2.4999999474835293
1741545727.75476,2.4999999499806873
1741545727.7664158,2.4999999523591057
1741545727.7833886,2.4999999567820383
1741545727.797381,2.4999999588370523
1741545727.810272,2.4999999626585794
1741545727.821065,2.499999964434164
1741545727.8335452,2.4999999661253196
1741545727.8448222,2.4999999677360605
1741545727.8578417,2.4999999692702106
1741545727.872703,2.4999999721231334
1741545727.884804,2.4999999734486784
1741545727.8976412,2.499999974711194
1741545727.9089444,2.4999999759136764
1741545727.9250255,2.4999999781498268
1741545727.9381604,2.4999999801783748
1741545727.9565418,2.499999981120893
1741545727.9684427,2.4999999820185943
1741545727.985764,2.49999998368797
1741545728.000368,2.499999985202362
1741545728.0120685,2.49999998590599
1741545728.0262196,2.49999998657616
1741545728.0386593,2.499999987822416
1741545728.0526958,2.49999998840146
1741545728.0641587,2.4999999889529705
1741545728.0753932,2.4999999894782565
1741545728.0867512,2.499999989978565
1741545728.0983067,2.4999999909089454
1741545728.1126714,2.499999991341225
1741545728.1262114,2.49999999175295
1741545728.1372912,2.499999992145097
1741545728.1547692,2.4999999928743386
1741545728.1659286,2.499999993213164
1741545728.1777272,2.499999993535878
1741545728.1894083,2.4999999938432467
1741545728.2004561,2.4999999944148334
1741545728.214377,2.499999994680408
1741545728.225968,2.404899994680408
1741545728.2377515,2.2146999946804082
1741545728.2497857,2.2282660099333547
1741545728.2618752,2.2411869611610236
1741545728.2736409,2.1460869611610236
1741545728.284993,2.0509869611610236
1741545728.298404,2.0926728815512625
1741545728.3105583,2.1120412860335
1741545728.3249967,2.1304887228826073
1741545728.3354862,2.1480589841095394
1741545728.347264,2.1647937794151306
1741545728.3582923,2.1959139888899935
1741545728.3688767,2.1959139888899935
1741545728.3797994,2.2241450293152205
1741545728.3899846,2.2372619331712817
1741545728.4012022,2.142161933171282
1741545728.4114654,2.1591771332489875
1741545728.422847,2.1753832605629984
1741545728.4348657,2.1908187865232276
1741545728.4496443,2.110420353224048
1741545728.4604526,2.128944865428245
1741545728.4721465,2.1465885370771316
1741545728.4827614,2.0514885370771316
1741545728.4930112,1.9563885370771317
1741545728.5041234,1.982237262139114
1741545728.5162568,2.006856880324399
1741545728.5264368,2.030305835664974
1741545728.5375335,2.0526397931791043
1741545728.5480323,2.073911771013438
1741545728.5591795,2.113469375039101
1741545728.5702288,2.1318489062559918
1741545728.5802705,2.1493544907635194
1741545728.5901601,2.0542544907635194
1741545728.6015742,1.9591544907635194
1741545728.6126735,1.984871694727714
1741545728.6231282,2.0093660456434113
1741545728.6355505,2.032695690173067
1741545728.6458533,2.054916010105338
1741545728.6563187,2.0760797538248292
1741545728.6668122,2.0962371615304587
1741545728.6771147,2.1154360844996853
1741545728.6885123,2.133722098681725
1741545728.6995595,2.1677269718465175
1741545728.7405179,2.2265588738756263
1741545728.7712853,2.263739895146326
1741545728.8085778,2.295865245522431
1741545728.8333652,2.3236223673420184
1741545728.87269,2.3548515997065165
1741545728.9497707,2.396793379639466
1741545728.9749193,2.410826848566728
1741545729.2230358,2.47361915096838
1741545729.257019,2.4772062738086276
1741545729.287273,2.4803056394028666
1741545729.3203359,2.483792701532512
1741545729.3533714,2.4859964808893382
1741545729.3749912,2.487296553565044
1741545729.4185429,2.49004290865319
1741545729.464277,2.4918059004490205
1741545729.4891632,2.4925666324367484
1741545729.5109622,2.4935773808980333
1741545729.5372088,2.4941736504167844
1741545729.5626204,2.4949658854066503
1741545729.5943024,2.495650396637376
1741545729.6276395,2.4962418317935904
1741545729.6545467,2.496752846848282
1741545729.7187254,2.497691137471
1741545729.753715,2.498005083906266
1741545729.7811368,2.498276341630975
1741545729.8064055,2.498436364345988
1741545729.8323307,2.4986489789271795
1741545729.861362,2.498832683346327
1741545729.9750187,2.4993169496330085
1741545729.998069,2.4994098270672995
1741545730.0291913,2.499464618130723
1741545730.0571725,2.4995374164144035
1741545730.0939338,2.499619320962417
1741545730.1150398,2.499654662822636
1741545730.1819782,2.4997544507353266
1741545730.210946,2.499787839174594
1741545730.23339,2.4998075359729333
1741545730.2608547,2.499833706173392
1741545730.2807777,2.4998491447255446
1741545730.3051302,2.4998631499779926
1741545730.3285992,2.499875854996844
1741545730.3798456,2.4999073207819977
1741545730.3990562,2.499915925027686
1741545730.4277222,2.49992373046383
1741545730.4554195,2.499934101176118
1741545730.481837,2.499943061735955
1741545730.5009866,2.499948347827308
1741545730.5389678,2.4999574933049904
1741545730.5596943,2.499961439583942
1741545730.575817,2.4999632731317254
1741545730.598537,2.499968267049392
1741545730.6192455,2.499971213104714
1741545730.649995,2.4999751273884985
1741545730.668587,2.499976310081175
1741545730.6904225,2.4999795313061175
1741545730.7150717,2.4999814315991378
1741545730.7353754,2.499983155470859
1741545730.7627375,2.49998544589734
1741545730.789149,2.4999867970856404
1741545730.8167636,2.499988592345361
1741545730.838856,2.4999901434955327
1741545730.8680608,2.4999910585635265
1741545730.8938484,2.499992274370909
1741545730.9175694,2.4999933248594863
1741545730.9410913,2.49999394457284
1741545730.9632688,2.499994506752627
1741545730.9905539,2.4999952536942094
1741545731.0085616,2.4999954793810497
1741545731.030133,2.4999960940699655
1741545731.0458028,2.499996279796939
1741545731.0654268,2.4999966251768613
1741545731.089305,2.499996938492058
1741545731.109185,2.499997222719386
1741545731.131905,2.499997600358738
1741545731.1511734,2.499997823139027
1741545731.1785004,2.4999981191366167
1741545731.1957407,2.4999982085716708
1741545731.2135413,2.499998374886081
1741545731.2373486,2.499998525760028
1741545731.2596338,2.4999987262190757
1741545731.2811553,2.49999884447562
1741545731.3001542,2.499998951753345
1741545731.3206887,2.499999049071514
1741545731.3436623,2.499999137354761
1741545731.3637536,2.4999992174418804
1741545731.3870478,2.4999992900937915
1741545731.4102404,2.4999993866229357
1741545731.4542158,2.499999495226813
1741545731.4781325,2.4999995638630965
1741545731.5010784,2.4999996043536092
1741545731.5178251,2.4999996410850236
1741545731.5358894,2.4999996581514305
1741545731.5537288,2.499999689888309
1741545731.5787928,2.499999732055592
1741545731.6012435,2.499999756931282
1741545731.6202416,2.4999997794975384
1741545731.6486328,2.4999997999687658
1741545731.6736505,2.499999827167914
1741545731.6867504,2.4999998353860797
1741545731.7081447,2.4999998506686714
1741545731.735436,2.4999998709739244
1741545731.7512345,2.499999882952576
1741545731.7657561,2.4999998885181807
1741545731.7820873,2.499999898868041
1741545731.7982397,2.499999908257031
1741545731.8169546,2.499999912619409
1741545731.8362901,2.499999920731735
1741545731.850652,2.4999999280909213
1741545731.8685014,2.499999931510198
1741545731.8931825,2.4999999408230646
1741545731.9111552,2.499999946316992
1741545731.9289536,2.499999948869619
1741545731.9437213,2.4999999536165123
1741545731.9587338,2.499999957922709
1741545731.9789717,2.4999999618291224
1741545731.9977255,2.499999965372868
1741545732.0201957,2.4999999685876166
1741545732.0424488,2.499999971503911
1741545732.054437,2.4999999728589
1741545732.0700803,2.4999999753786524
1741545732.087265,2.4999999765493977
1741545732.102095,2.499999978726528
1741545732.1185827,2.499999980701536
1741545732.132037,2.499999981619178
1741545732.1462789,2.499999982493186
1741545732.168181,2.499999984118501
1741545732.1838572,2.4999999855929236
1741545732.2023988,2.499999986930462
1741545732.2215822,2.499999988143825
1741545732.2335398,2.499999988707586
1741545732.2545156,2.4999999897559624
1741545732.2703083,2.4999999907070087
1741545732.2896369,2.4999999911488904
1741545732.3057728,2.499999991970619
1741545732.318713,2.4999999927160586
1741545732.3309681,2.49999999306241
1741545732.3482037,2.4999999933922923
1741545732.3670976,2.4999999940057456
1741545732.3846853,2.499999994562246
1741545732.4061007,2.499999995067082
1741545732.4197228,2.4999999955250494
1741545732.431467,2.4999999957378334
1741545732.445957,2.4999999959404993
1741545732.4618747,2.499999996317379
1741545732.4768767,2.499999996492488
1741545732.491791,2.4999999968181217
1741545732.5097938,2.4999999971135245
1741545732.5319216,2.499999997381502
1741545732.5510278,2.499999997624601
1741545732.5643468,2.499999997737551
1741545732.5821533,2.4999999979475946
1741545732.5971665,2.4999999980451864
1741545732.608954,2.499999998138138
1741545732.623472,2.499999998310991
1741545732.6371384,2.4999999983913033
1741545732.6506345,2.499999998540653
1741545732.6636777,2.499999998610045
1741545732.6763837,2.4999999986761376
1741545732.6886125,2.4999999987390873
1741545732.7000506,2.499999998856149
1741545732.71319,2.4999999989105395
1741545732.726968,2.4999999989623434
1741545732.7403612,2.4999999990586783
1741545732.752578,2.499999999103438
1741545732.7656014,2.4999999991460697
1741545732.7814207,2.4999999992253477
1741545732.7951896,2.499999999262182
1741545732.8118827,2.4999999993306803
1741545732.828862,2.4999999993625064
1741545732.8410368,2.4999999994216906
1741545732.8556173,2.499999999449189
1741545732.8675253,2.49999999947538
1741545732.8859205,2.4999999995240856
1741545732.898893,2.4999999995682693
1741545732.9102497,2.4999999995887983
1741545732.9224854,2.499999999608351
1741545732.9350226,2.499999999626974
1741545732.9482431,2.4999999996447113
1741545732.9599223,2.499999999677696
1741545732.972073,2.404899999677696
1741545732.9864259,2.4094220046930217
1741545733.0006008,2.417831174972881
1741545733.0126257,2.4217383026029204
1741545733.02424,2.4254596463141516
1741545733.037385,2.4290040401319137
1741545733.052429,2.435595233872617
1741545733.065902,2.438657680501974
1741545733.0772142,2.441574507794105
1741545733.087839,2.4443526399484954
1741545733.0994265,2.4495188850691987
1741545733.1135612,2.451919262084158
1741545733.124315,2.4542055011720563
1741545733.1389265,2.456383029591325
1741545733.149241,2.4584570165342576
1741545733.1615727,2.462313825472376
1741545733.1729498,2.4641058030711647
1741545733.1836612,2.465812572135131
1741545733.1946352,2.4674381843301054
1741545733.207381,2.468986498665209
1741545733.2189372,2.4718657610380954
1741545733.228927,2.4718657610380954
1741545733.239628,2.474477715578744
1741545733.254393,2.475691300202975
1741545733.2730517,2.477948095522659
1741545733.2982953,2.480946592277893
1741545733.3493934,2.4843201679865716
1741545733.3688014,2.485775867871667
1741545733.4506497,2.490825013095256
1741545733.4688566,2.4912612837225767
1741545733.4854422,2.4920725773812094
1741545733.5021465,2.492808551349897
1741545733.5214822,2.4934761982331453
1741545733.5390198,2.4940818614490685
1741545733.5554407,2.4943632689371653
1741545733.5720482,2.4948865773982156
1741545733.5905159,2.4953613024263595
1741545733.6056917,2.495581872495986
1741545733.6226025,2.495992047024286
1741545733.6430142,2.4963641413605786
1741545733.6572165,2.496537026438883
1741545733.670648,2.4968585254326663
1741545733.6878085,2.497007902548343
1741545733.702316,2.4972856858761774
1741545733.7146957,2.497414751512765
1741545733.731522,2.4976547633906083
1741545733.744959,2.497766279391385
1741545733.759278,2.497973655773384
1741545733.7730505,2.49807000844136
1741545733.7971964,2.4982491869228474
1741545733.8113387,2.49841173065374
1741545733.8275785,2.4984872528611546
1741545733.8421392,2.498627694788996
1741545733.877656,2.3084929479017795
1741545733.894263,2.1182929479017796
1741545733.9122348,1.9280929479017797
1741545733.9291008,1.846669669210861
1741545733.94364,1.7273376628632084
1741545733.95974,1.7990708596489953
1741545733.9739027,1.8324000402726854
1741545733.9874434,1.8641444183577192
1741545733.9998245,1.923176613112168
1741545734.015257,1.9506045651586843
1741545734.0293565,1.976728318085389
1741545734.0440967,2.0253083364544806
1741545734.0581663,2.069378234619654
1741545734.0733051,2.0898542995634894
1741545734.0882564,2.1093567276192453
1741545734.10114,2.145623657407194
1741545734.1173933,2.162474252497482
1741545734.1296952,2.178523601791227
1741545734.145031,2.2083691483208403
1741545734.1574662,2.2222361953181844
1741545734.1710277,2.24802350848663
1741545734.185618,2.2600049906580906
1741545734.2001834,2.2822858867303966
1741545734.215047,2.292638192816366
1741545734.2290444,2.302498246747948
1741545734.2443628,2.3208341115243605
1741545734.2573552,2.3293534495213772
1741545734.269925,2.345196104194646
1741545734.2834861,2.3525570294401903
1741545734.2983854,2.264467942690309
1741545734.3105326,2.169367942690309
1741545734.3223975,2.185089497015385
1741545734.335011,2.2000634914323034
1741545734.3470557,2.2143254724146972
1741545734.3597996,2.240847209167003
1741545734.3733258,2.145747209167003
1741545734.389312,2.050647209167003
1741545734.4009986,2.0923646717917657
1741545734.4143918,1.9972646717917657
1741545734.429246,2.0211697366480674
1741545734.4418797,2.065623858270322
1741545734.4556901,2.0862784438095683
1741545734.471576,2.1246879383304282
1741545734.4831362,2.1425340268628164
1741545734.4942753,2.1595315338854895
1741545734.5086327,2.1757208094492344
1741545734.5221715,2.205826564410079
1741545734.5336936,2.21981451127238
1741545734.552923,2.2458266511599
1741545734.5682402,2.2579125938972466
1741545734.5812438,2.2803877459872015
1741545734.5942402,2.29083030866551
1741545734.604591,2.300776327488465
1741545734.6169221,2.3102494131163884
1741545734.6295493,2.3278656673777
1741545734.6441736,2.3360506548938904
1741545734.6558056,2.343846446253686
1741545734.66759,2.3512715477343233
1741545734.6837304,2.3650793481423955
1741545734.6977594,2.377605246202902
1741545734.7124293,2.383425116745954
1741545734.7228909,2.388968252444684
1741545734.7375436,2.3942478120409394
1741545734.751124,2.40406573915449
1741545734.762591,2.4086274132576944
1741545734.7756457,2.412972179757291
1741545734.7875905,2.417110352609832
1741545734.7992923,2.3259517553432345
1741545734.8113246,2.3342277493766637
1741545734.8228576,2.3421102198938035
1741545734.839047,2.1519102198938036
1741545734.8510573,2.0568102198938036
1741545734.861744,2.0778838939378534
1741545734.8732672,1.9827838939378535
1741545734.885535,1.8909583973108737
1741545734.9095402,1.9475012091403254
1741545734.921384,1.9987946430036998
1741545734.932439,2.022626957728874
1741545734.9433866,2.045326045888866
1741545734.9540403,2.0669457924068504
1741545734.9666126,2.0875375199779045
1741545734.9772565,2.107150110902955
1741545734.987833,2.1258301231295196
1741545734.998913,2.1605676793928734
1741545735.010226,2.176707686237742
1741545735.021492,2.1920802357571376
1741545735.0346277,2.206721820546886
1741545735.047256,2.2206671979798815
1741545735.0619774,2.2466001752882954
1741545735.072478,2.258649336953337
1741545735.0826814,2.2701255609812057
1741545735.0945308,2.2810560905565493
1741545735.1088398,2.2914668734505854
1741545735.1202483,2.3108268798649734
1741545735.1308815,2.3198220617273937
1741545735.1415422,2.328389522692256
1741545735.1519904,2.3365496008882394
1741545735.1630552,2.3443216673660037
1741545735.174333,2.35172417208275
1741545735.1868808,2.3587746877002154
1741545735.200371,2.371885904115752
1741545735.2242255,2.3837798883432644
1741545735.2438636,2.394569646998814
1741545735.2580042,2.4043576952775148
1741545735.2713053,2.4089054868670687
1741545735.3793452,2.4466964337135146
1741545735.4039743,2.4516450833707264
1741545735.416244,2.4539443596564485
1741545735.4304283,2.4582201191351647
1741545735.444674,2.4602067524702877
1741545735.4609509,2.4639011176782155
1741545735.4772477,2.4656176195326163
1741545735.4935749,2.4688096452668717
1741545735.50752,2.470292746634432
1741545735.521612,2.47305073825537
1741545735.535789,2.4743321756513272
1741545735.5497746,2.4767151507318643
1741545735.5614302,2.4778223453145642
1741545735.5753582,2.478876892794857
1741545735.589109,2.4798812965424615
1741545735.6053486,2.481749096802459
1741545735.6189623,2.4834434923587883
1741545735.6318202,2.484230754297128
1741545735.6469796,2.4849805819302997
1741545735.6578317,2.486374969646924
1741545735.669977,2.487022839840213
1741545735.68164,2.487639903805811
1741545735.6968262,2.4882276263798446
1741545735.70997,2.489320561744935
1741545735.7235518,2.4898283690339635
1741545735.7382941,2.4907726930557903
1741545735.7498243,2.4912114515009876
1741545735.7630265,2.4916293469821156
1741545735.7787464,2.4924064700167166
1741545735.79006,2.492767542367422
1741545735.8024948,2.493111445727851
1741545735.8147438,2.4934389964834915
1741545735.8279727,2.4937509722007016
1741545735.8399572,2.494331125676938
1741545735.854665,2.4946006806509997
1741545735.8674548,2.4948574182860446
1741545735.881198,2.49533485041693
1741545735.8941796,2.495556678279605
1741545735.9064786,2.4957679582274097
1741545735.9177577,2.4961608567429554
1741545735.9304068,2.4963434080048277
1741545735.9423978,2.4965172789541983
1741545735.9548264,2.4966828823399263
1741545735.966415,2.4968406112846626
1741545735.9789727,2.497133925765707
1741545735.991857,2.4972702075955477
1741545736.0062063,2.4974000092243793
1741545736.0178118,2.49752363878576
1741545736.0344892,2.497753541678338
1741545736.0453076,2.4978603607715333
1741545736.058308,2.498059002732516
1741545736.072382,2.4981512971525848
1741545736.0867443,2.498239202972979
1741545736.1014974,2.4984026736037688
1741545736.113837,2.4984786264739096
1741545736.1265025,2.498550967785075
1741545736.141589,2.498685494483254
1741545736.1527348,2.498747999220575
1741545736.165303,2.498807531857637
1741545736.1811817,2.4989182394045244
1741545736.193351,2.498969677120839
1741545736.2042077,2.4990186689737435
1741545736.215339,2.499065331264042
1741545736.2256615,2.4991097747624367
1741545736.2365239,2.4991521049724827
1741545736.251845,2.4992308226968225
1741545736.261693,2.4992673970775887
1741545736.2743084,2.4993022323465492
1741545736.2847369,2.4993354111984707
1741545736.2954416,2.4993670123959832
1741545736.3074598,2.4993971109565543
1741545736.3194273,2.4043257783305703
1741545736.3296683,2.4088750875709515
1741545736.3408556,2.413208077156953
1741545736.3509064,2.41733503308814
1741545736.3626175,2.421265752264799
1741545736.3743663,2.425009565744608
1741545736.3854575,2.4285753608934515
1741545736.3962855,2.431971602482968
1741545736.417159,2.4382872907099804
1741545736.4276092,2.441221730036721
1741545736.438502,2.251021730036721
1741545736.4484303,2.251021730036721
1741545736.4592423,2.2741366230193965
1741545736.470441,2.284876426594824
1741545736.4807212,2.29510555251024
1741545736.4911945,2.3048482834883783
1741545736.5026014,2.314127747608506
1741545736.512825,2.322965973209721
1741545736.5228286,2.331383941183599
1741545736.5343657,2.3394016347803186
1741545736.545581,2.3470380870465144
1741545736.5566869,2.3543114260074525
1741545736.5685196,2.361238917700798
1741545736.603337,2.385807804452295
1741545736.651864,2.4104949882708553
1741545736.6959875,2.4263426485832986
1741545736.73863,2.4422666140109777
1741545736.7761128,2.450116882487092
1741545736.8085728,2.456899714607424
1741545736.8381555,2.4645310043986353
1741545736.8852863,2.470811106295219
1741545736.9201233,2.475979260160493
1741545736.9576426,2.4802323463070213
1741545736.9942303,2.4829202431967383
1741545737.035815,2.4859443664140652
1741545737.0690587,2.4878555742076363
1741545737.0987523,2.4900058530683267
1741545737.1308372,2.3958336996503307
1741545737.16422,2.1105336996503308
1741545737.1971562,1.8403862299768379
1741545737.2425203,1.7568185407325259
1741545737.2741191,1.8578722704207402
1741545737.3069835,1.9451852694212377
1741545737.3430548,2.0434201639449032
1741545737.3724391,2.1055033803094214
1741545737.4179854,2.1907895114621714
1741545737.44786,2.2194963032345085
1741545737.483789,2.2691619835896635
1741545737.5150938,2.3005500681835476
1741545737.5548341,2.3358644568161333
1741545737.6001818,2.3713488811789754
1741545737.6319265,2.388842153142784
1741545737.6605206,2.403956786142516
1741545737.6977603,2.4209620934334053
1741545737.7287118,2.4282998934435467
1741545737.7555456,2.4380492798097158
1741545737.7841997,2.446472998208544
1741545737.8202548,2.4559504310980182
1741545737.8590813,2.4637497999979483
1741545737.892009,2.4686789029329996
1741545737.927643,2.4729377735453895
1741545737.9591043,2.4777293820136266
1741545737.9908493,2.480757618229587
1741545738.0374277,2.4841646534783246
1741545738.071781,2.486968442760703
1741545738.1082945,2.488740402281833
1741545738.1391451,2.490734014443264
1741545738.1733806,2.491993952225711
1741545738.2073455,2.4930825705941664
1741545738.2332125,2.49402316462083
1741545738.2695215,2.494835861842035
1741545738.2998059,2.495750218544
1741545738.3417625,2.4965026802398946
1741545738.3756907,2.4969782265566973
1741545738.406699,2.4973891106993396
1741545738.4345095,2.497744125074826
1741545738.4594283,2.4980508665469876
1741545738.4831412,2.4982318221427593
1741545738.5141008,2.498472249248412
1741545738.538502,2.4986799843978256
1741545738.5756226,2.4988594728635065
1741545738.6131825,2.4990614133614413
1741545738.6441598,2.4991890372133003
1741545738.6790695,2.4993326254048593
1741545738.7192738,2.4994507900269363
1741545738.7461648,2.4995017781302526
1741545738.7761912,2.4995695236014592
1741545738.804596,2.499628057415877
1741545738.8322892,2.4996786321239606
1741545738.857114,2.4997084675954007
1741545738.894924,2.499760086006805
1741545738.9315968,2.499802564918264
1741545738.9607737,2.4998294110554116
1741545738.990794,2.4998526068023983
1741545739.0227902,2.4998726485192124
1741545739.0550265,2.4998899650735407
1741545739.078714,2.499904927017997
1741545739.1179283,2.4999217605370876
1741545739.1466389,2.4999290242103895
1741545739.1793268,2.4999415911067273
1741545739.2086132,2.499947013729824
1741545739.2427084,2.49995639542136
1741545739.2746453,2.4999623245322766
1741545739.3012416,2.4999674474352824
1741545739.33562,2.499971873754097
1741545739.36649,2.49997569820641
1741545739.3984137,2.499980001055629
1741545739.4267602,2.499981857737575
1741545739.4599757,2.4999850699868857
1741545739.4876542,2.499986456074336
1741545739.5161269,2.4999882977028993
1741545739.5465586,2.4999898889169336
1741545739.5771563,2.49999126376643
1741545739.6328332,2.4999934780516733
1741545739.668768,2.4999943648703566
1741545739.7081594,2.4999953626203
1741545739.7382708,2.499996183709721
1741545739.767245,2.499996538010285
1741545739.7975528,2.499997008752617
1741545739.825443,2.4999974154859936
1741545739.8510556,2.4999977669140017
1741545739.881004,2.4999980705567606
1741545739.9192266,2.4999984121818883
1741545739.946341,2.49999855959333
1741545739.9742696,2.4999987554519114
1741545740.0020974,2.4999989246787195
1741545740.0374868,2.499999070894997
1741545740.0665686,2.499999197229588
1741545740.1069515,2.499999339367246
1741545740.1384177,2.499999456338165
1741545740.1646364,2.499999506811185
1741545740.1939232,2.4999995738722887
1741545740.2186532,2.4999996318147923
1741545740.2585347,2.499999697005266
1741545740.2932236,2.4999997382048242
1741545740.3179164,2.499999773802293
1741545740.348201,2.499999794802261
1741545740.3827596,2.49999983113435
1741545740.4127755,2.499999854095773
1741545740.4413586,2.4999998739350278
1741545740.4675488,2.4999998856387733
1741545740.4932916,2.4999999011889846
1741545740.5233302,2.4999999146247633
1741545740.5861926,2.499999936263966
1741545740.6086144,2.499999942181156
1741545740.6331983,2.4999999500430445
1741545740.6687276,2.4999999568359166
1741545740.6951616,2.499999962705131
1741545740.7277887,2.4999999677762825
1741545740.7545671,2.4999999721578865
1741545740.7870378,2.4999999759437044
1741545740.8137772,2.4999999792147474
1741545740.8520527,2.4999999828949617
1741545740.887785,2.499999985220811
1741545740.916583,2.499999987230404
1741545740.9448411,2.4999999889667435
1741545740.9738328,2.499999990466985
1741545741.000799,2.4999999917632323
1741545741.0278327,2.4999999925279255
1741545741.0503886,2.4999999935439368
1741545741.075351,2.4999999941433115
1741545741.100713,2.499999994939672
1741545741.1345625,2.499999995627747
1741545741.1566415,2.499999996033663
1741545741.1906483,2.499999996735938
1741545741.2224987,2.4999999971797675
1741545741.2518988,2.499999997563247
1741545741.2753885,2.4999999977894727
1741545741.3071556,2.499999998090048
1741545741.332267,2.4999999982673655
1741545741.3589358,2.499999998574144
1741545741.497431,2.4999999992431254
1741545741.5200534,2.499999999346041
1741545741.5434463,2.4999999994067537
1741545741.5685136,2.49999999946183
1741545741.6059964,2.499999999557118
1741545741.6295857,2.4999999995982347
1741545741.657357,2.4999999996528643
1741545741.6796467,2.4999999997000657
1741545741.7109568,2.499999999740849
1741545741.736224,2.4999999997649085
1741545741.7612562,2.499999999796875
1741545741.8133872,2.4999999998407882
1741545741.836518,2.4999999998555693
1741545741.85566,2.499999999868978
1741545741.968332,2.499999999923333
1741545741.997657,2.499999999933758
1741545742.0297313,2.4999999999454863
1741545742.0521107,2.499999999950547
1741545742.0814056,2.4999999999572715
1741545742.1020355,2.4999999999612386
1741545742.1225889,2.499999999964837
1741545742.1466253,2.4999999999681015
1741545742.1753979,2.4999999999724385
1741545742.1970673,2.4999999999749973
1741545742.2205172,2.4999999999783973
1741545742.2432017,2.499999999980403
1741545742.2779639,2.499999999983873
1741545742.30242,2.4999999999853704
1741545742.3272016,2.4999999999867284
1741545742.3492362,2.4999999999879603
1741545742.3731816,2.499999999989597
1741545742.3936746,2.499999999990563
1741545742.4155095,2.499999999991439
1741545742.4380476,2.4999999999926033
1741545742.4622927,2.49999999999329
1741545742.4816525,2.4999999999939124
1741545742.507241,2.4999999999944778
1741545742.5284214,2.4999999999949902
1741545742.5535088,2.4999999999956715
1741545742.5755591,2.499999999996073
1741545742.6097984,2.4999999999966067
1741545742.6339622,2.499999999997068
1741545742.667965,2.499999999997467
1741545742.6909132,2.499999999997811
1741545742.7124074,2.499999999998014
1741545742.729364,2.4999999999981086
1741545742.7571552,2.499999999998366
1741545742.7735698,2.499999999998518
1741545742.7943094,2.4999999999986557
1741545742.8155308,2.4999999999987805
1741545742.8461587,2.499999999998946
1741545742.8695655,2.499999999999044
1741545742.8903403,2.499999999999174
1741545742.907865,2.499999999999213
1741545742.927801,2.499999999999286
1741545742.9518175,2.4999999999993827
1741545742.971851,2.49999999999944
1741545743.2069242,2.4999999999998175
1741545743.2301035,2.499999999999843
1741545743.2628717,2.499999999999864
