1741545837.1741009,0.0
1741545837.1849797,0.0
1741545837.2222257,0.0
1741545837.2515602,0.023774999999999998
1741545837.2862732,0.309075
1741545837.312075,0.5943749999999999
1741545837.337185,0.7712913146109375
1741545837.357877,0.9317828959320009
1741545837.3819072,1.145020437518579
1741545837.4058516,1.2708153817323429
1741545837.4270532,1.3849316494347323
1741545837.4526846,1.5365525144021817
1741545837.4893875,1.6675568075856468
1741545837.5101016,1.7448399990450951
1741545837.534273,1.8475225049879456
1741545837.556618,1.908097861516176
1741545837.5925753,2.01289941226382
1741545837.6149423,2.0581213425109075
1741545837.6476994,2.118205573423916
1741545837.6718762,2.170119880890245
1741545837.6949186,2.200745620443575
1741545837.7280645,2.2414365860248697
1741545837.750678,2.265441354168498
1741545837.7731705,2.297335349499401
1741545837.8061714,2.3248925746611135
1741545837.828915,2.341149372484382
1741545837.849041,2.3627490076388824
1741545837.872111,2.3754912521755687
1741545837.9036005,2.392421267301174
1741545837.9263487,2.4024087689972538
1741545837.9627147,2.4196881665251255
1741545837.9892652,2.4271442366323197
1741545838.0157194,2.4370507628592293
1741545838.0496914,2.445610254104305
1741545838.069676,2.4506597435875412
1741545838.088668,2.455240443529267
1741545838.114241,2.4613266019824342
1741545838.1341553,2.4631655220581696
1741545838.1526268,2.4681740718957945
1741545838.1811674,2.472501586657652
1741545838.2101536,2.4750545117851965
1741545838.234992,2.4784464621515094
1741545838.2604804,2.4804474709979414
1741545838.2827945,2.483106116414691
1741545838.3057666,2.484674527630633
1741545838.3339825,2.486758401121886
1741545838.3721995,2.4891029442593027
1741545838.391562,2.489621099259773
1741545838.412629,2.4905846659996476
1741545838.4364126,2.4918649113625144
1741545838.4616556,2.4929710759982315
1741545838.4877381,2.493623634256059
1741545838.5059617,2.49421560965942
1741545838.5266674,2.494752626659788
1741545838.5528011,2.495466135642665
1741545838.582589,2.496082625596089
1741545838.6050768,2.4964463107085804
1741545838.639652,2.4969295218443976
1741545838.6612613,2.4973470285860966
1741545838.6831486,2.4975933277925595
1741545838.7050273,2.497816760827609
1741545838.724257,2.498019450563677
1741545838.7432659,2.498203322787844
1741545838.7621143,2.498370124499052
1741545838.7841072,2.4985214405066096
1741545838.800923,2.49865870848772
1741545838.8206797,2.4987832326470754
1741545838.8405974,2.4988961961083116
1741545838.8565452,2.4989486819833613
1741545838.8769064,2.49904628529408
1741545838.8972263,2.4991348272112783
1741545838.915795,2.499215148985648
1741545838.936664,2.499288013767007
1741545838.9596624,2.499384825741301
1741545838.9763207,2.499414077277302
1741545838.9966245,2.49946847375549
1741545839.0216484,2.499540747772509
1741545839.0401309,2.4995833842889086
1741545839.059907,2.499603194365971
1741545839.081198,2.4996571498149125
1741545839.0992026,2.4996734523412134
1741545839.117531,2.4997037686984913
1741545839.13599,2.4997312705155514
1741545839.1538205,2.4997562190914864
1741545839.1745496,2.4997788514666426
1741545839.1946235,2.499799382674778
1741545839.2144432,2.499818007786133
1741545839.230924,2.499826661515902
1741545839.2466693,2.4998427540869943
1741545839.2637105,2.4998573526399186
1741545839.2814944,2.499870595877825
1741545839.2972562,2.4998767490438345
1741545839.316654,2.499888191539046
1741545839.3387797,2.499898571724473
1741545839.3601956,2.499912363383845
1741545839.3799021,2.499916530504943
1741545839.3982444,2.4999242797291856
1741545839.4227777,2.4999345757553892
1741545839.438551,2.4999376866782206
1741545839.4559588,2.4999434717845457
1741545839.4788299,2.499948719807399
1741545839.49853,2.4999534806090713
1741545839.5185528,2.4999577994226896
1741545839.5356133,2.4999617172819812
1741545839.5569253,2.4999652714111438
1741545839.5734882,2.499966922755544
1741545839.5899951,2.49996999361376
1741545839.6085663,2.4999740737172207
1741545839.629011,2.499975306511967
1741545839.6492124,2.499977599030641
1741545839.669515,2.4999796787141793
1741545839.688026,2.499981565321983
1741545839.7117758,2.4999840719681674
1741545839.7289312,2.499984829346081
1741545839.7495756,2.4999862377743822
1741545839.7648952,2.499987515445612
1741545839.7812676,2.4999886744991255
1741545839.7968543,2.499989213026692
1741545839.8136535,2.49999021447848
1741545839.828242,2.499990679780028
1741545839.845129,2.4999915450599066
1741545839.8611543,2.499991947092308
1741545839.8797662,2.499993042082431
1741545839.893256,2.499993042082431
1741545839.9111798,2.4999936880485225
1741545839.9359634,2.4999945463129887
1741545839.9511054,2.499994805635806
1741545839.9654257,2.4999952878753704
1741545839.9821584,2.4999957253442973
1741545840.0012984,2.499996122199047
1741545840.017928,2.4999963065884825
1741545840.0362408,2.4999966494811052
1741545840.04878,2.4999968087982785
1741545840.0617661,2.4999971050662473
1741545840.0770066,2.4999972427203474
1741545840.0913203,2.499997498703426
1741545840.1113029,2.499997617640078
1741545840.1253788,2.499997838815985
1741545840.1396265,2.4999980394581423
1741545840.1553483,2.4999981326819074
1741545840.1733305,2.499998306041847
1741545840.1902146,2.4999983865895574
1741545840.2053633,2.4999985363769652
1741545840.2183108,2.4999986059722406
1741545840.2360864,2.49999873539238
1741545840.259118,2.4999988527972836
1741545840.2731738,2.499998959302434
1741545840.288155,2.4999990087876034
1741545840.3042169,2.4999991008107685
1741545840.3191822,2.4999991435672166
1741545840.3401797,2.4999992230775776
1741545840.3549836,2.4999992952062766
1741545840.3703635,2.4999993287192184
1741545840.3844695,2.4999993910402534
1741545840.396199,2.499999419996289
1741545840.4108028,2.4999994475754654
1741545840.4236205,2.4999994988620053
1741545840.4350758,2.499999522691117
1741545840.4526176,2.499999567003995
1741545840.4716704,2.49999960720291
1741545840.4880128,2.499999625880412
1741545840.500583,2.499999643669798
1741545840.5147781,2.499999676751137
1741545840.5268893,2.4999996921216208
1741545840.5435376,2.499999720704741
1741545840.5563219,2.4999997339852307
1741545840.5699446,2.499999758681775
1741545840.5867014,2.404899758681775
1741545840.6019278,2.413728769747767
1741545840.617744,2.4178309667462607
1741545840.6331248,2.331160109277476
1741545840.649022,2.339188446081332
1741545840.6620612,2.2562570404701647
1741545840.6751726,2.2678470181958086
1741545840.6879523,2.2788858924805977
1741545840.699772,2.299413904555806
1741545840.710918,2.299413904555806
1741545840.722188,2.2138517733941776
1741545840.734627,2.2274581215692844
1741545840.7478297,2.240417487888665
1741545840.7610586,2.264516868081613
1741545840.771807,2.2757140910043323
1741545840.7837746,2.286378885977076
1741545840.7990897,2.296536569948866
1741545840.8120053,2.3154259108227246
1741545840.8252687,2.324202408763104
1741545840.8371236,2.229102408763104
1741545840.84761,2.241983589226418
1741545840.858932,2.254252269558702
1741545840.8754158,2.170837574141186
1741545840.8880606,2.201396683772586
1741545840.9001913,2.2155952714591995
1741545840.9108548,2.2155952714591995
1741545840.9257514,2.2419991213411867
1741545840.9365041,2.2542670631214135
1741545840.9475935,2.2659516642699904
1741545840.9623475,2.2876804771257078
1741545840.975004,2.2977762704383804
1741545840.9862905,2.3073920087790354
1741545841.000568,2.3252735415944787
1741545841.013828,2.3252735415944787
1741545841.0252047,2.3414949708295727
1741545841.0494967,2.356210418836463
1741545841.0754936,2.3757621356960357
1741545841.096047,2.3872962544695566
1741545841.1371644,2.4072514574308332
1741545841.1623158,2.4198628944263127
1741545841.1842892,2.4273027429703258
1741545841.208909,2.4340518834339604
1741545841.2332788,2.4430191458189507
1741545841.2574687,2.448309191197813
1741545841.2859504,2.455337823243088
1741545841.3134549,2.46141074053805
1741545841.3375533,2.4649933287007646
1741545841.3579073,2.4682433129699977
1741545841.3939106,2.4738661175367747
1741545841.4252794,2.4774196592205855
1741545841.4680023,2.4814177098715846
1741545841.4977198,2.4839444275395355
1741545841.5257306,2.4854350107910537
1741545841.5461247,2.4874154779624
1741545841.57389,2.4891266520940802
1741545841.5943737,2.4901361228131345
1741545841.6146853,2.3955051501733697
1741545841.6353557,2.309895885282626
1741545841.6674871,2.3357451978316797
1741545841.6883953,2.1455451978316797
1741545841.7076392,2.0718215286747834
1741545841.7303054,1.9970814149862974
1741545841.7545927,1.9580044394669527
1741545841.8056798,2.0751783318467805
1741545841.8261423,2.114618349634403
1741545841.8453214,2.1503967957092405
1741545841.8655288,2.1828536067183824
1741545841.885511,2.2122971599313885
1741545841.9034803,2.239007203181261
1741545841.926835,2.2632375127926343
1741545841.9493656,2.2852183047505727
1741545841.971463,2.30515842201888
1741545841.9957452,2.331651908781502
1741545842.0163975,2.347281176801266
1741545842.0333152,2.3614594392464157
1741545842.0555074,2.3743214060198663
1741545842.0789783,2.385989280692191
1741545842.095186,2.396573921576982
1741545842.1213827,2.410637231205257
1741545842.1395192,2.414886430861447
1741545842.1554677,2.4227882892939174
1741545842.1759226,2.42995654711113
1741545842.1928816,2.436459311058771
1741545842.225232,2.4450992246685623
1741545842.2476268,2.4501961576123055
1741545842.26564,2.454819896411227
1741545842.285507,2.4590143719353548
1741545842.3088462,2.4628194365567846
1741545842.3281121,2.467875045198515
1741545842.357195,2.4708574937970176
1741545842.371704,2.47356305485754
1741545842.391669,2.476017434341528
1741545842.41043,2.4771578053385888
1741545842.4343677,2.480263761408961
1741545842.450245,2.481202219553965
1741545842.4701126,2.4829473866458
1741545842.489128,2.3886582384107924
1741545842.5075405,2.303374544174359
1741545842.5250206,2.321629054376192
1741545842.5402832,2.3381888341510333
1741545842.5599985,2.3532112205727573
1741545842.5769675,2.3601910270345225
1741545842.5973444,2.373170751926142
1741545842.614596,2.3849454521709976
1741545842.6331363,2.3956270010492577
1741545842.653973,2.4053168856379132
1741545842.6713269,2.4098190677258304
1741545842.68954,2.4181913750717796
1741545842.71416,2.429315262201323
1741545842.7308843,2.43267632148365
1741545842.7455568,2.4389265843051207
1741545842.7608511,2.444596578992134
1741545842.7775369,2.447231011661058
1741545842.7941668,2.4521300316375343
1741545842.8102853,2.4544062486331697
1741545842.8283398,2.4586391268023307
1741545842.8446069,2.462479028805727
1741545842.8640718,2.46596243815663
1741545842.888021,2.4691224512755126
1741545842.9039896,2.4719890919443515
1741545842.9249954,2.4745895965673026
1741545842.940094,2.476948672948065
1741545842.9568436,2.4780447635493843
1741545842.9752672,2.480083065691335
1741545842.9948506,2.4819321339058247
1741545843.023411,2.484388903021302
1741545843.0450993,2.4858382216146797
1741545843.05966,2.4865116141769015
1741545843.0747406,2.487763862394611
1741545843.0919771,2.4883456907377473
1741545843.1073303,2.4894276651262097
1741545843.123851,2.4904091900971266
1741545843.1371787,2.4908652331080083
1741545843.1544073,2.491713295708657
1741545843.1731205,2.492482625027644
1741545843.1895301,2.4928400762075795
1741545843.2043371,2.493504796354644
1741545843.2266738,2.4941078045496377
1741545843.245602,2.4946548300683236
1741545843.2669666,2.4951510702862474
1741545843.2815142,2.49560124005982
1741545843.2997897,2.4960096165229095
1741545843.3196042,2.496199359257245
1741545843.3406365,2.496716149493965
1741545843.361044,2.497021018882885
1741545843.3776536,2.497162669435004
1741545843.3919969,2.4974260843602347
1741545843.4061928,2.4975484740489056
1741545843.4241626,2.4977760712605503
1741545843.438231,2.497881819072111
1741545843.4554396,2.49807846886598
1741545843.468247,2.4981698376714023
1741545843.4829438,2.498339748107252
1741545843.4968061,2.498418693084752
1741545843.5130215,2.498565500033503
1741545843.526673,2.49863371050691
1741545843.5412776,2.4986986775723063
1741545843.5557194,2.498819491041918
1741545843.5714831,2.4988756242428747
1741545843.5885212,2.498980010160979
1741545843.603211,2.499074704995094
1741545843.6197355,2.499160608455741
1741545843.6328287,2.4992005215236706
1741545843.6493826,2.49923853672522
1741545843.6633508,2.4993092302122832
1741545843.6879022,2.4993733605868784
1741545843.6999216,2.4994031572909723
1741545843.7128408,2.499458567569744
1741545843.725721,2.4994843126818025
1741545843.740373,2.4995321885754476
1741545843.755569,2.499554433008685
1741545843.768233,2.499595799001478
1741545843.7840593,2.499615018758958
1741545843.799079,2.4996333246169695
1741545843.8127375,2.499667366391938
1741545843.8300297,2.4996831831200015
1741545843.8437214,2.499712596081532
1741545843.8568754,2.499726262137855
1741545843.8703759,2.4997392783732
1741545843.888373,2.499763483507659
1741545843.9031816,2.4091967348668697
1741545843.9195993,2.417626818971556
1741545843.9340837,2.4215436637294587
1741545843.9483058,2.425274262519123
1741545843.9693348,2.4322117250742954
1741545843.9839935,2.4385051205606523
1741545843.9990559,2.4414292020779933
1741545844.0098703,2.444214243519185
1741545844.022675,2.449393337225643
1741545844.0336819,2.4517996840405636
1741545844.0452359,2.454091609064435
1741545844.0574133,2.456274553053421
1741545844.0688164,2.458353698055731
1741545844.0799675,2.462220098977819
1741545844.0917652,2.464016533271424
1741545844.1041572,2.368916533271424
1741545844.116609,2.3751495521143675
1741545844.1291132,2.3810861909113292
1741545844.1422613,2.3921260297360276
1741545844.1597397,2.4021409409916794
1741545844.1713436,2.4021409409916794
1741545844.1846204,2.2119409409916795
1741545844.1954193,2.225638149247525
1741545844.2059507,2.2386840552508054
1741545844.223948,2.262944365592086
1741545844.235553,2.2742163610081825
1741545844.2472672,2.2849523730422434
1741545844.26086,2.3049171791437555
1741545844.27147,2.31419336727547
1741545844.2848666,2.3230284726615213
1741545844.2953885,2.331443468786466
1741545844.3063526,2.339458331845669
1741545844.320412,2.3543628593740946
1741545844.3489113,2.36788366550857
1741545844.3740647,2.385848118451535
1741545844.407082,2.40136986383088
1741545844.431838,2.414781047593955
1741545844.4567578,2.4226926897033327
1741545844.4814715,2.433204512812244
1741545844.5119522,2.4422869959965223
1741545844.5349348,2.4476450134309187
1741545844.5581903,2.452505597898118
1741545844.5865867,2.458963625627224
1741545844.618728,2.464543526244414
1741545844.6499298,2.46936470264745
1741545844.669267,2.472208852941775
1741545844.691841,2.4747889551740356
1741545844.7155943,2.478217014468614
1741545844.7405622,2.1929170144686143
1741545844.7730508,2.234672470857859
1741545844.7978165,2.2593052126725675
1741545844.8239753,1.9740052126725676
1741545844.8579636,2.0455270925488334
1741545844.8928227,2.1259955726858997
1741545844.919466,2.1607177687783024
1741545844.9489768,2.2068515016027
1741545844.9751167,2.2467122230269747
1741545845.0011582,2.2811529026596307
1741545845.024838,2.301470447782495
1741545845.0485892,2.319901732384492
1741545845.0715423,2.344390504845086
1741545845.100019,2.3655494286371352
1741545845.1280508,2.378031684895766
1741545845.1542244,2.394616265944409
1741545845.181032,2.408945766824699
1741545845.2035208,2.417399150550825
1741545845.227698,2.425067730606335
1741545845.2547462,2.4352566087084546
1741545845.2795012,2.441267320250712
1741545845.300922,2.4467200033591245
1741545845.3268518,2.4539647244312066
1741545845.3510673,2.4582385932646496
1741545845.3745644,2.4639170797971217
1741545845.3933501,2.467266981935629
1741545845.415714,2.4703058825178745
1741545845.442489,2.474343525389545
1741545845.4657078,2.4767254467717637
1741545845.4888597,2.4788862329607335
1741545845.5097306,2.4808464139261077
1741545845.5316508,2.4834508132764075
1741545845.5525777,2.4849872231812657
1741545845.5813808,2.4870285780503782
1741545845.6102018,2.488232831860331
1741545845.6306906,2.4893252839538316
1741545845.6625004,2.491215337600698
1741545845.684087,2.492030896851225
1741545845.703405,2.4927707403985315
1741545845.7268229,2.4934418976125987
1741545845.7531219,2.494333632326456
1741545845.7733626,2.4948596922207344
1741545845.7929125,2.495336913241803
1741545845.8163197,2.4957698295416897
1741545845.841487,2.496345024868078
1741545845.8604834,2.4966843490952133
1741545845.8807547,2.4969921708012737
1741545845.8989174,2.4971351930796732
1741545845.9249232,2.497524733777339
1741545845.9465647,2.4977545350119965
1741545845.969598,2.497963001730404
1741545845.9972336,2.4982399815580685
1741545846.0197577,2.498479299191278
1741545846.0413477,2.4986204795298574
1741545846.064167,2.4987485528273363
1741545846.087915,2.4988647359282705
1741545846.1083517,2.4989701327065874
1741545846.1475482,2.4991524798927123
1741545846.1780484,2.4992677210182266
1741545846.1943598,2.4993357050647846
1741545846.2388906,2.4994533244056147
1741545846.2581112,2.499504077219755
1741545846.2787066,2.4995501181935103
1741545846.297829,2.4995918847694183
1741545846.319892,2.4996473780351325
1741545846.336595,2.499664145209562
1741545846.3616056,2.4997098128978283
1741545846.45327,2.4998034760001553
1741545846.4715738,2.499830198253395
1741545846.4907272,2.4998459624773233
1741545846.5150576,2.499860263166506
1741545846.5332794,2.4998732361940412
1741545846.5509899,2.4998792638130145
1741545846.570623,2.4998904728395765
1741545846.5906146,2.499900641231349
1741545846.614129,2.4999098655998235
1741545846.6454475,2.499925824698972
1741545846.6609967,2.4999327110595586
1741545846.676831,2.4999359106486767
1741545846.692662,2.4999418606398036
1741545846.7124393,2.4999472582397195
1741545846.7282548,2.499949766110421
1741545846.7492023,2.49995442977437
1741545846.7649093,2.499958660468433
1741545846.8979802,2.499978056092144
1741545846.9160388,2.4999800933425504
1741545846.934711,2.4999819414566713
1741545846.981526,2.4999858455288937
1741545846.9999585,2.4999871596158014
1741545847.0178034,2.49998777017607
1741545847.0369148,2.4999889055806634
1741545847.2009149,2.4999951535722658
1741545847.216595,2.4999953840199045
1741545847.234441,2.4999958125628687
1741545847.2549345,2.499996201320334
1741545847.2717457,2.499996553985946
1741545847.2886274,2.499996873910436
1741545847.304571,2.499997022555995
1741545847.3240926,2.4999972989789114
1741545847.3413644,2.4999975497390015
1741545847.3567028,2.499997666248912
1741545847.3724813,2.4999978829120235
1741545847.3928037,2.499998079460349
1741545847.4069176,2.4999981707820096
1741545847.422241,2.499998340604774
1741545847.4400141,2.499998494661363
1741545847.4552596,2.4999985662402153
1741545847.469833,2.499998634415493
1741545847.4864137,2.49999876119499
1741545847.5004833,2.4999988762044048
1741545847.5156965,2.4999989296408853
1741545847.530644,2.499998980536461
1741545847.5453086,2.499999075182434
1741545847.5590594,2.499999119157509
1741545847.5748882,2.4999991610415697
1741545847.5903397,2.4999992389296293
1741545847.605778,2.4999993095866397
1741545847.6209614,2.499999342415795
1741545847.6372786,2.499999373683924
1741545847.6541848,2.499999458846941
1741545847.6690693,2.499999484578769
1741545847.6870403,2.499999532429959
1741545847.70318,2.499999575838693
1741545847.7188308,2.499999596007563
1741545847.737339,2.499999633513816
1741545847.7521935,2.499999667538026
1741545847.7699015,2.4999996984034625
1741545847.785052,2.499999712744378
1741545847.7997155,2.4999997394129023
1741545847.818337,2.4999997518038186
1741545847.8337972,2.499999774846103
1741545847.8518791,2.499999795749165
1741545847.8692684,2.499999805461292
1741545847.8866205,2.499999823522071
1741545847.9022071,2.499999839906105
1741545847.9145877,2.49999984751857
1741545847.9280937,2.499999861674793
1741545847.9418573,2.4999998682521567
1741545847.9571123,2.499999874516767
1741545847.9728692,2.499999886166504
1741545847.9880347,2.4999998915792867
1741545848.0063484,2.4999999016449572
1741545848.0217042,2.4999999063217393
1741545848.0373318,2.4999999150187353
1741545848.0552635,2.499999922908311
1741545848.0695772,2.499999926574021
1741545848.08754,2.499999933390815
1741545848.1006806,2.4999999395747454
1741545848.1155953,2.499999942447966
1741545848.130802,2.4999999451845656
1741545848.1445334,2.4999999502735752
1741545848.162281,2.499999954890127
1741545848.1755798,2.4999999570351013
1741545848.1931198,2.4999999610239194
1741545848.2057657,2.499999962877232
1741545848.2212615,2.4999999663236725
1741545848.237212,2.499999967924982
1741545848.2501278,2.499999969450149
1741545848.263674,2.4999999722863664
1741545848.2752326,2.4999999736041496
1741545848.2892237,2.4999999748592723
1741545848.3028047,2.4999999771933124
1741545848.3162825,2.49999997827777
1741545848.3293648,2.499999979310662
1741545848.3434455,2.4999999812314395
1741545848.3599484,2.499999982973894
1741545848.372699,2.499999982973894
1741545848.3855293,2.499999984554581
1741545848.3999746,2.4999999852890107
1741545848.4140651,2.4999999866547644
1741545848.4271567,2.49999998728933
1741545848.439333,2.4999999878937227
1741545848.451925,2.499999989017657
1741545848.4634068,2.4999999895398672
1741545848.476127,2.4999999900372467
1741545848.4874094,2.4999999905109758
1741545848.499797,2.499999990962179
1741545848.5126877,2.499999991801241
1741545848.5279496,2.404899991801241
1741545848.5404425,2.4137289812246556
1741545848.5527005,2.417831168167423
1741545848.5651095,2.4217382961210623
1741545848.5777373,2.425459640140506
1741545848.5903177,2.429004034251825
1741545848.6064138,2.4355952285384297
1741545848.6193376,2.4386576754214273
1741545848.632395,2.4443526353396217
1741545848.643714,2.446998667529223
1741545848.6567402,2.351898667529223
1741545848.671885,2.161698667529223
1741545848.6866918,2.066598667529223
1741545848.6990361,2.0872069008882086
1741545848.7124524,2.1255301983846655
1741545848.7277088,2.1433362374514746
1741545848.7416694,2.176448543611058
1741545848.752595,2.1918334153623524
1741545848.7675803,2.0967334153623525
1741545848.779473,2.1159087414618725
1741545848.79331,2.1515673888530653
1741545848.8062508,2.168135359513102
1741545848.8179274,2.183915523168254
1741545848.8295481,2.088815523168254
1741545848.8422427,1.8998108306616521
1741545848.8556776,1.9283498256636906
1741545848.8717067,1.9814212547697738
1741545848.8839545,2.006079674105471
1741545848.895955,2.029565585601756
1741545848.906556,2.0519347420063925
1741545848.917661,2.0732402450239884
1741545848.9298823,2.0935326713730977
1741545848.9429283,2.131268690679322
1741545848.9552321,2.1488018644375204
1741545848.9668863,2.1655013357835164
1741545848.9780605,2.1814067472670104
1741545848.9919841,2.2109846254610055
1741545849.0036821,2.1158846254610055
1741545849.0150795,2.1341493115203347
1741545849.026125,2.1515455117575426
1741545849.0369153,2.1681145226734713
1741545849.0485275,2.198926437673275
1741545849.0610697,2.213242485561911
1741545849.0716958,2.226877805373442
1741545849.0835202,2.239864765727935
1741545849.0945,2.252234196117572
1741545849.1058643,2.2640154600921814
1741545849.118384,2.2752365249647983
1741545849.1310186,2.285924028202722
1741545849.1680024,2.228761890770501
1741545849.2002206,2.2767870162446626
1741545849.232252,2.3071382908116367
1741545849.2662404,2.3333625658988244
1741545849.3013825,2.356021008210068
1741545849.3375435,2.381513772357396
1741545849.3683674,2.397624878293453
1741545849.3963673,2.411545284604354
1741545849.4258235,2.423572870583221
1741545849.4596698,2.4339650115342906
1741545849.4835587,2.4429440862826777
1741545849.524805,2.453046344490793
1741545849.5479386,2.457405474797228
1741545849.5953743,2.4666139751531544
1741545849.6239736,2.4711536232944877
1741545849.6563663,2.475075995035242
1741545849.6897573,2.4784650242273036
1741545849.7278762,2.482277983683866
1741545849.7621443,2.48541582467404
1741545849.7947261,2.487398900668115
1741545849.835513,2.4896300376504708
1741545850.003838,2.495470040242199
1741545850.0349095,2.4960859992696407
1741545850.0652277,2.496618203574354
1741545850.0922482,2.4970780416631495
1741545850.1237745,2.4974753534962826
1741545850.1506581,2.4977097391467296
1741545850.1815553,2.4981152502497204
1741545850.2074869,2.498290228527075
1741545850.2341616,2.4985227138536383
1741545850.2669218,2.4987235871034277
1741545850.2916696,2.498842087997142
1741545850.32389,2.499047106640662
1741545850.3595834,2.499176675841771
1741545850.3951716,2.4993224527243676
1741545850.4197745,2.499385355534196
1741545850.4491243,2.4994689315100596
1741545850.482841,2.499562961920968
1741545850.5123796,2.49962238795663
1741545850.5382066,2.4996574450801803
1741545850.5846145,2.4997315019474904
1741545850.6100838,2.499756429037516
1741545850.63425,2.4997895484781263
1741545850.6612191,2.499818164519254
1741545850.6879926,2.4998350459429965
1741545850.713831,2.4998574754889433
1741545850.7346115,2.499870707321669
1741545850.7631443,2.4998882878293682
1741545850.788516,2.499898659075298
1741545850.822569,2.4999166023895256
1741545850.8512645,2.4999243449400756
1741545850.878015,2.499934632099261
1741545850.9027324,2.4999435204670872
1741545850.9284303,2.499948763970302
1741545850.9499707,2.499953520671935
1741545850.971041,2.4999598406754764
1741545850.9928322,2.4999635690269053
1741545851.014668,2.4999669512419254
1741545851.0367315,2.4999700194554935
1741545851.063575,2.499974096045138
1741545851.091028,2.499976500942339
1741545851.1257544,2.499980661660005
1741545851.1479795,2.499982457012103
1741545851.1760585,2.4999848424111666
1741545851.200513,2.4999869034567777
1741545851.2262912,2.499988119326721
1741545851.244531,2.499989222316518
1741545851.2740974,2.4999906878066747
1741545851.295666,2.499991552341368
1741545851.3184822,2.4999923366135266
1741545851.3487377,2.499993378638695
1741545851.3718402,2.4999942789750085
1741545851.397792,2.4999948101092335
1741545851.422234,2.499995515802052
1741545851.4456065,2.4999959321104943
1741545851.468502,2.499996309769278
1741545851.4901433,2.4999966523665993
1741545851.5123203,2.4999971075593876
1741545851.5383317,2.499997376090674
1741545851.5568123,2.4999976196917855
1741545851.5816665,2.4999979433530126
1741545851.6009417,2.4999981342900575
1741545851.6231253,2.499998307500698
1741545851.6442652,2.4999984646306364
1741545851.6625342,2.4999986071727887
1741545851.684539,2.4999987364814706
1741545851.7074206,2.4999988537852644
1741545851.7255168,2.4999989601986914
1741545851.7453992,2.4999990567328023
1741545851.766824,2.499999144304783
1741545851.7851548,2.499999223746669
1741545851.8209162,2.499999361189242
1741545851.8451378,2.4999994204957923
1741545851.8703344,2.499999474296382
1741545851.8888283,2.4999995231021788
1741545851.9206946,2.4999996075411897
1741545851.9422808,2.4999996439766723
1741545851.962708,2.499999677029521
1741545851.9860294,2.4999997070137767
1741545852.0085785,2.4999997342143243
1741545852.0263157,2.4999997588896
1741545852.0527012,2.4999997812740475
1741545852.0744019,2.4999998110152006
1741545852.094927,2.49999982856036
1741545852.1180584,2.4999998444766445
1741545852.1366675,2.499999858915277
1741545852.1593077,2.4999998720134413
1741545852.1805665,2.499999883895585
1741545852.1957679,2.4999998946746023
1741545852.2118258,2.499999899682825
1741545852.2368217,2.499999913323403
1741545852.256442,2.4999999213703714
1741545852.2780118,2.4999999286702677
1741545852.2959375,2.4999999352924482
1741545852.3148737,2.4999999412998326
1741545852.332653,2.4999999467494973
1741545852.3521805,2.4999999516932205
1741545852.3692286,2.499999953990208
1741545852.3865523,2.4999999582617107
1741545852.4101987,2.4999999639370536
1741545852.4310749,2.499999965651847
1741545852.4478097,2.499999968840695
1741545852.4671,2.499999971733494
1741545852.4879603,2.499999974357728
1741545852.5033813,2.499999976738331
1741545852.522262,2.4999999788979212
1741545852.5465171,2.4999999808570172
1741545852.5646174,2.4999999826342325
1741545852.581165,2.4999999842464526
1741545852.605198,2.499999985708996
1741545852.6322072,2.4999999876522083
1741545852.6538866,2.4999999887985647
1741545852.6709912,2.499999989331193
1741545852.688346,2.4999999903216743
1741545852.7042043,2.4999999912202004
1741545852.7192273,2.49999999163768
1741545852.7361188,2.499999992414029
1741545852.7499683,2.499999992774742
1741545852.7709236,2.499999993445528
1741545852.79179,2.4999999943367692
1741545852.8088036,2.499999994606056
1741545852.8254843,2.4999999951068244
1741545852.8395774,2.499999995561102
1741545852.8578186,2.4999999957721717
1741545852.8712072,2.499999995973205
1741545852.8883224,2.4999999963470487
1741545852.9020343,2.499999996686185
1741545852.9176629,2.4999999968437567
1741545852.936638,2.4999999971367792
1741545852.9508808,2.4999999972729254
1741545852.964361,2.4999999975261042
1741545852.977396,2.499999997643738
1741545852.9918518,2.499999997862491
1741545853.0074651,2.49999999796413
1741545853.0273871,2.4999999981531382
1741545853.0456572,2.499999998324599
1741545853.0585752,2.499999998404264
1741545853.0722425,2.4999999985524104
1741545853.084634,2.4999999986212433
1741545853.0989351,2.4999999986868033
1741545853.1188426,2.499999998808719
1741545853.132224,2.4999999989193165
1741545853.1470685,2.499999998970703
1741545853.1613948,2.499999999066262
1741545853.178432,2.499999999110661
1741545853.1914809,2.4999999991932262
1741545853.2122188,2.4999999992681263
1741545853.2242641,2.499999999302927
1741545853.2379856,2.499999999336073
1741545853.25128,2.4999999993676427
1741545853.2714062,2.49999999942635
1741545853.2844021,2.409422004453627
1741545853.300788,2.413728988141857
1741545853.313084,2.4217383023960775
1741545853.328606,2.425459646117144
1741545853.3446617,2.4323798978449234
1741545853.3570297,2.435595233702397
1741545853.370544,2.438657680339848
1741545853.3935509,2.444352639801421
1741545853.406718,2.4495188849357783
1741545853.4172099,2.451919261957082
1741545853.429597,2.454205501051023
1741545853.4408145,2.4584570164244606
1741545853.4520917,2.4604323852934775
1741545853.4634197,2.4623138253727728
1741545853.4781637,2.4641058029762974
1741545853.4911652,2.4658125720447743
1741545853.5059018,2.468986498583241
1741545853.5192916,2.470461190575608
1741545853.5304668,2.471865760963738
1741545853.542412,2.4744777155112896
1741545853.554888,2.475691300138728
1741545853.567225,2.4768471788171316
1741545853.5777402,2.477948095464377
1741545853.5888755,2.4789966635250456
1741545853.6009824,2.4809465922275353
1741545853.6185474,2.481852581767116
1741545853.6331792,2.48353736988307
1741545853.644161,2.48432016794513
1741545853.657418,2.485065743959339
1741545853.6683493,2.4857758678340725
1741545853.680109,2.4870964220046647
1741545853.6959803,2.487709987138343
1741545853.7091124,2.4882943772499146
1741545853.7221122,2.489381115531146
1741545853.8110886,2.492808551330889
1741545853.8267968,2.493476198215902
1741545853.847717,2.4943632689222675
1741545853.8657227,2.494631295485014
1741545853.889284,2.495129720630059
1741545853.9116302,2.4955818724843093
1741545853.9293196,2.495992047013693
1741545853.9621978,2.496701690822997
1741545853.9782891,2.496858525424363
1741545854.0244055,2.497537680071825
1741545854.042993,2.497766279385481
1741545854.0572245,2.4978724928007012
1741545854.0767395,2.498070008436258
1741545854.1755466,2.4988142933051245
1741545854.266047,2.4992351840308986
1741545854.3490367,2.4994820421298263
1741545854.3857012,2.4995737511886165
1741545854.4049113,2.4996133237009506
1741545854.4230897,2.4996492223409112
1741545854.4371183,2.499665901818601
1741545854.459935,2.3094817881871266
1741545854.4800842,2.1192817881871266
1741545854.4955993,2.0241817881871267
1741545854.508327,1.9290817881871267
1741545854.526908,1.7813815558934727
1741545854.539303,1.8155518629107381
1741545854.556902,1.8790953417988479
1741545854.5716825,1.936739507809323
1741545854.5878687,1.9635225442129898
1741545854.610109,2.0133285733896065
1741545854.6248407,2.05851066074801
1741545854.6393688,2.079503478829442
1741545854.655707,2.118541954307154
1741545854.6711404,2.136680284379849
1741545854.6922557,2.186082502202756
1741545854.710206,2.201009279223015
1741545854.7239134,2.2287672780017527
1741545854.7419665,2.241664393932769
1741545854.7565303,2.265648012618606
1741545854.7729657,2.276791449618591
1741545854.7870016,2.2975139076694293
1741545854.8003626,2.3163125134890916
1741545854.8144207,2.3250468534726854
1741545854.8301692,2.3333658755900593
1741545854.8434927,2.3488360206495686
1741545854.8563142,2.3560238678676817
1741545854.8720956,2.3693904676387736
1741545854.8859773,2.37560095090255
1741545854.899934,2.3815161256871336
1741545854.9130504,2.3925160497982563
1741545854.9254422,2.3976269116303492
1741545854.946296,2.4071311265255666
1741545854.9595304,2.4157529796378876
1741545854.9771028,2.419758925456106
1741545854.991435,2.423574388550668
1741545855.0065117,2.4306696657009486
1741545855.0211256,2.4371062244336126
1741545855.0398955,2.442945219506186
1741545855.0531702,2.445658174318667
1741545855.0700552,2.4482421281298143
1741545855.08589,2.453047277066976
1741545855.0997908,2.457406320793973
1741545855.11287,2.4594316502402194
1741545855.126148,2.461360675271297
1741545855.139187,2.463197975162147
1741545855.1535466,2.4666146382540637
1741545855.1666057,2.468202112205083
1741545855.1792092,2.469714101769731
1741545855.1946352,2.4725258141998165
1741545855.2085168,2.4738322117346154
1741545855.221782,2.4750764900666344
1741545855.2337866,2.4773903637430292
1741545855.246146,2.478465451947048
1741545855.2677279,2.4804646977999
1741545855.2787845,2.481393601419515
1741545855.2935486,2.4831210008108124
1741545855.3049228,2.483923597222258
1741545855.3213837,2.4854161143395497
1741545855.3335767,2.4861095781027043
1741545855.345592,2.4867700676639206
1741545855.35779,2.487399150946501
1741545855.3716834,2.4885690011402763
1741545855.3840163,2.4891125451360563
1741545855.3956177,2.4896302436148368
1741545855.4096687,2.490123325530951
1741545855.4220662,2.4910402660872917
1741545855.4345727,2.491466301434841
1741545855.4500737,2.4922585614545976
1741545855.4616866,2.3971585614545976
1741545855.4730506,2.4020486718574316
1741545855.4853315,2.406706257510611
1741545855.498675,2.4111423749659813
1741545855.5125434,2.4153675550363487
1741545855.5240548,2.4232247463827483
1741545855.5365899,2.4268754096922485
1741545855.5489607,2.430352483961382
1741545855.560026,2.4368184895287723
1741545855.575968,2.4398227703516793
1741545855.5871866,2.442684197621457
1741545855.6019235,2.448005339255189
1741545855.6133435,2.4504776853736048
1741545855.6243412,2.45283247143409
1741545855.639949,2.457211457500702
1741545855.651033,2.457211457500702
1741545855.664065,2.4611839028908227
1741545855.6772778,2.4630296083083643
1741545855.6884124,2.4647875504333014
1741545855.699723,2.466461902410198
1741545855.711571,2.4695755457684925
1741545855.7234275,2.4710222285672008
1741545855.7351108,2.4710222285672008
1741545855.7468696,2.473712495816806
1741545855.757727,2.474962466640717
1741545855.770605,2.4772869261376655
1741545855.7824187,2.4783669327998195
1741545855.7950532,2.479395585145188
1741545855.8069437,2.4803753250715346
1741545855.8198528,2.4821972602181566
1741545855.8336942,2.4830437804947834
1741545855.847239,2.4838500487322563
1741545855.8637817,2.4853493940176277
1741545855.890022,2.4867095415897986
1741545855.904163,2.487943414424917
1741545855.9777393,2.4914272603227046
1741545855.991806,2.492223144880173
1741545856.0238261,2.4932805988913076
1741545856.0492365,2.493904421354039
1741545856.0657656,2.4944703287647125
1741545856.0780404,2.4947332646319507
1741545856.0950327,2.4952222230636183
1741545856.1097536,2.4954494063569435
1741545856.1243017,2.4958718789087944
1741545856.1418428,2.4962551295324604
1741545856.1575105,2.4964331981231918
1741545856.1714253,2.496602799552434
1741545856.1884499,2.4969181922362926
1741545856.2034721,2.4972043041795633
1741545856.2177837,2.497337239515825
1741545856.2323081,2.497584447529758
1741545856.2486434,2.4978087049995037
1741545856.2632132,2.497912901076777
1741545856.2778683,2.4980121426305764
1741545856.2898715,2.4981066652484927
1741545856.3016405,2.4982824405487545
1741545856.3152347,2.498364110500661
1741545856.332,2.4985159848418004
1741545856.3460467,2.4985865497625728
1741545856.3597257,2.4987177730656316
1741545856.3753433,2.4987177730656316
1741545856.3947291,2.498892123235982
1741545856.4085183,2.498994977404107
1741545856.4246466,2.4990427662285417
1741545856.4385715,2.4990882826943746
1741545856.4514477,2.4991729256150323
1741545856.4642336,2.4992122530020375
1741545856.4785259,2.4992497103717906
1741545856.4917445,2.499319366508708
1741545856.506555,2.499351730631219
1741545856.5205321,2.4994119153095267
1741545856.5358877,2.499439878736559
1741545856.5483997,2.4994665125026354
1741545856.5622125,2.4995160409470696
1741545856.5779588,2.4995390532000363
1741545856.5900571,2.4995609712203746
1741545856.6030402,2.4996017302121487
1741545856.6165018,2.4996206679405613
1741545856.6303723,2.4996387051799878
1741545856.6485736,2.4996722474288795
1741545856.6605964,2.4997026756490106
1741545856.6739724,2.4997168134219003
1741545856.6881182,2.499730278943689
1741545856.7001011,2.4997553195761615
1741545856.7117438,2.499766954130315
1741545856.723451,2.4997780354614183
1741545856.7358897,2.499788589875228
1741545856.7481174,2.499798642426661
1741545856.7616858,2.4998173362619087
1741545856.7735124,2.499826021922655
1741545856.7864976,2.404726021922655
1741545856.8017724,2.4135711625351925
1741545856.8144805,2.4176808537566443
1741545856.827896,2.421595129160516
1741545856.839701,2.428874158768371
1741545856.8514838,2.428874158768371
1741545856.8642526,2.337156192518935
1741545856.8757033,2.242056192518935
1741545856.8892462,2.2543214205646596
1741545856.9024205,2.2771299735866606
1741545856.9143524,2.287727443342615
1741545856.9267657,2.2978210034116735
1741545856.9404757,2.31659109877049
1741545856.9541407,2.325312192023953
1741545856.966339,2.333618597293214
1741545856.9772394,2.3415300329919218
1741545856.9898624,2.3490652799231557
1741545857.001313,2.3630779080230333
1741545857.012615,2.3630779080230333
1741545857.026532,2.375789617777778
1741545857.0377073,2.381695821452445
1741545857.0495484,2.387321185142381
1741545857.0609574,2.3977821733532507
1741545857.0722978,2.3026821733532508
1741545857.0846994,2.207582173353251
1741545857.0958695,2.2214866410103036
1741545857.1090426,2.1263866410103036
1741545857.1209705,2.053573961230264
1741545857.1317258,2.074801519373765
1741545857.1428647,2.095019707127542
1741545857.1552045,2.1142765200536275
1741545857.1667852,2.1326176715250775
1741545857.182349,2.166725078599905
1741545857.1940544,2.1825723011124794
1741545857.2063854,2.197665988194581
1741545857.2179077,2.2120419704559287
1741545857.2291808,2.225734374760749
1741545857.2405136,2.251196920456672
1741545857.2511783,2.251196920456672
1741545857.2680922,2.2742955489363874
1741545857.3098493,2.314258534274983
1741545857.3492634,2.347145716767658
1741545857.3855941,2.374209930392909
1741545857.4278429,2.3964821837036436
1741545857.4757323,2.4188616759898434
1741545857.5111606,2.42989441928508
1741545857.548162,2.1614939546480745
1741545857.5911837,2.221429467942902
1741545857.6282651,2.2707528642512225
1741545857.6727698,2.320313748451441
1741545857.7112236,2.344746497232034
1741545857.7445083,2.372235514066413
1741545857.781504,2.3896082265638587
1741545857.8242872,2.413473798022605
1741545857.8603392,2.4287940335107936
1741545857.8991146,2.438476229426823
1741545857.940066,2.4493695615246383
1741545857.9751832,2.4583341320545617
1741545858.0077188,2.4639996277475427
1741545858.0431697,2.3737947604784653
1741545858.0758793,2.1986398296177145
1741545858.11469,2.251998334573514
1741545858.152559,2.2959092405068344
1741545858.1885862,2.323660380130276
1741545858.222451,2.3548828819917085
1741545858.266519,2.3805771615330102
1741545858.2985952,2.3968156226605757
1741545858.3423586,2.419123028857332
1741545858.3709667,2.426631565779054
1741545858.4027305,2.4396221011773167
1741545858.436705,2.4478319559721116
1741545858.4703755,2.4549254798400955
1741545858.5066218,2.4629063254982375
1741545858.5503478,2.469474091279032
1741545858.5936825,2.4760734802846343
1741545858.6263852,2.4793268769154917
1741545858.667917,2.4829872376697257
1741545858.7083554,2.4859994989183183
1741545858.7863293,2.4905184122526194
1741545858.8223717,2.492197211896798
1741545858.853065,2.493258192132463
1741545858.8879755,2.494174906107711
1741545858.9231598,2.495206290915217
1741545858.955158,2.495858113126356
1741545858.9887342,2.496421304136181
1741545859.0227656,2.4970549441448875
1741545859.052465,2.497455396651591
1741545859.091364,2.4978013978276525
1741545859.1223974,2.4981906799439995
1741545859.200109,2.498774670508293
1741545859.2296042,2.4988884288699102
1741545859.2551434,2.498991626019278
1741545859.2883596,2.4991701676227667
1741545859.327919,2.4993170968435625
1741545859.3785827,2.4994647335158624
1741545859.4136677,2.499537516110106
1741545859.4459984,2.4996194030061067
1741545859.491103,2.4996867910971043
1741545859.5228148,2.4997422475257896
1741545859.5560498,2.4997772952904107
1741545859.5858257,2.4998075774526503
1741545859.6229541,2.49984164758021
1741545859.6620352,2.4998696852879316
1741545859.69378,2.499887404766161
1741545859.7266488,2.499902714847141
1741545859.7558181,2.499915943147467
1741545859.7869532,2.499927372736228
1741545859.815554,2.499937248192336
1741545859.9394555,2.499965027033287
1741545859.990785,2.4999725878307113
1741545860.0343997,2.499978514061123
1741545860.0653896,2.4999814356009873
1741545860.10135,2.4999847225933443
1741545860.1372461,2.499986799931124
1741545860.1692016,2.499988594803931
1741545860.2135026,2.4999906141955788
1741545860.2379684,2.499991890425672
1741545860.2705832,2.499992993121012
1741545860.2996364,2.4999942337514067
1741545860.3305938,2.4999947690841458
1741545860.3891313,2.499996094911769
1741545860.427647,2.4999967863424564
1741545860.455402,2.499997223317944
1741545860.4884698,2.499997600875907
1741545860.5206342,2.4999980256622174
1741545860.552414,2.4999982941218164
1741545860.5881724,2.499998526077755
1741545860.6288974,2.499998787048829
1741545860.6639655,2.499999001812648
1741545860.6961842,2.4999991375406774
1741545860.748,2.4999993239955547
1741545860.780656,2.4999994436881687
1741545860.807604,2.4999994953356017
1741545860.837303,2.499999563957093
1741545860.8693972,2.4999996232478106
1741545860.8974035,2.4999996744765025
1741545860.9418206,2.4999997448513507
1741545860.9704037,2.4999997685390953
1741545860.9993966,2.499999800011877
1741545861.0347745,2.4999998354215576
1741545861.0645082,2.4999998578000295
1741545861.08773,2.4999998710017324
1741545861.1206617,2.4999998938420256
1741545861.1477702,2.4999999036976255
1741545861.1881597,2.4999999207488197
1741545861.2184882,2.4999999315249597
1741545861.2448084,2.4999999408358193
1741545861.273634,2.4999999488806393
1741545861.320931,2.4999999599321217
1741545861.3560467,2.4999999653803315
1741545861.3863208,2.4999999700877242
1741545861.425616,2.4999999753839592
1741545861.4955678,2.4999999824969588
1741545861.5273435,2.4999999848769265
1741545861.5673187,2.4999999875546015
1741545861.5999286,2.4999999897581704
1741545861.6319952,2.499999991150798
1741545861.658343,2.499999991972349
1741545861.6836112,2.4999999930639047
1741545861.7228258,2.499999994292002
1741545861.7627897,2.499999995302654
1741545861.7899916,2.499999995738751
1741545861.8394666,2.499999996818807
1741545861.868028,2.4999999971141458
1741545861.9414833,2.499999997948036
1741545861.9703555,2.4999999982270507
1741545862.0209184,2.499999998676422
1741545862.0528262,2.499999998856395
1741545862.082335,2.4999999990118957
1741545862.112666,2.4999999991462527
1741545862.1356544,2.4999999992255137
1741545862.1605053,2.499999999330824
1741545862.2020698,2.499999999449308
1741545862.2500224,2.499999999546813
1741545862.2747056,2.499999999608435
1741545862.3014038,2.4999999996616777
1741545862.3260057,2.4999999996930873
1741545862.3522925,2.4999999997348197
1741545862.3799248,2.499999999770878
1741545862.403616,2.4999999997921494
1741545862.4256244,2.499999999811446
1741545862.4488225,2.499999999828951
1741545862.4821048,2.4999999998592366
1741545862.5078495,2.499999999872305
1741545862.5745628,2.4999999999092037
1741545862.605957,2.49999999992155
1741545862.631779,2.499999999932217
1741545862.662782,2.499999999941434
1741545862.6860406,2.4999999999468714
1741545862.7124856,2.499999999954096
1741545862.7446258,2.4999999999603375
1741545862.768354,2.49999999996402
1741545862.7944252,2.4999999999689124
1741545862.820555,2.4999999999731397
1741545862.8444512,2.4999999999756333
1741545862.8744159,2.4999999999789466
1741545862.9039924,2.499999999981809
1741545862.9231472,2.499999999983498
1741545862.9456313,2.49999999998503
1741545862.972856,2.499999999987066
1741545863.0122902,2.499999999989356
1741545863.0313706,2.4999999999898623
1741545863.0782754,2.499999999992054
1741545863.1012928,2.4999999999931344
1741545863.122363,2.4999999999937716
1741545863.1613832,2.4999999999948743
1741545863.1898184,2.4999999999953504
1741545863.2109094,2.499999999995782
1741545863.241377,2.499999999996529
1741545863.2648287,2.4999999999968514
1741545863.2950075,2.4999999999972795
1741545863.3168812,2.4999999999975318
1741545863.3395882,2.4999999999978675
1741545863.3596573,2.499999999998065
1741545863.377371,2.499999999998157
1741545863.3970735,2.499999999998328
1741545863.429358,2.4999999999985554
1741545863.460307,2.499999999998811
1741545863.4839647,2.4999999999989213
1741545863.5035086,2.4999999999990212
1741545863.5251727,2.4999999999991123
1741545863.5450425,2.499999999999195
1741545863.5688531,2.4999999999992695
1741545863.5932817,2.499999999999369
1741545863.6200461,2.4999999999994547
1741545863.6495063,2.4999999999995053
1741545863.6697123,2.499999999999551
1741545863.6909645,2.4999999999995928
1741545863.7105322,2.499999999999631
1741545863.7310529,2.4999999999996656
1741545863.754738,2.499999999999711
1741545863.7779515,2.4999999999997375
1741545863.7977316,2.499999999999762
1741545863.8211043,2.499999999999794
1741545863.8456354,2.499999999999813
1741545863.8689601,2.4999999999998304
1741545863.8884003,2.499999999999846
1741545863.9278011,2.499999999999873
1741545863.949956,2.499999999999885
1741545863.983926,2.4999999999999054
1741545864.0023568,2.4999999999999143
1741545864.0311015,2.4999999999999223
1741545864.0509777,2.4999999999999294
1741545864.0780768,2.499999999999939
1741545864.094244,2.499999999999945
1741545864.11911,2.4999999999999503
1741545864.1423376,2.499999999999957
1741545864.1684544,2.499999999999961
1741545864.1855583,2.4999999999999645
1741545864.206112,2.499999999999968
